------------TRUTH vs. PREDICTS------------
65.0 53.11706509627402
78.0 49.61148973926902
47.0 51.31533429399133
52.0 39.02209320664406
81.0 37.67691969871521
54.0 48.57740514352918
61.0 49.484591570682824
59.0 38.724263882264495
57.0 47.19204191118479
54.0 41.44689367711544
50.0 63.30119789391756
25.0 56.80226734280586
9.0 41.9977957084775
30.0 60.39266814477742
64.0 44.65704052336514
30.0 48.147599793970585
59.0 38.058343805372715
51.0 52.25536099076271
30.0 50.19032811746001
8.0 38.828938593156636
39.0 28.201177265495062
63.0 63.805530082434416
56.0 55.296238236129284
30.0 43.40445792861283
76.0 50.43560690432787
67.0 58.05123694613576
7.0 44.50682177580893
72.0 41.4436707906425
21.0 19.748128495179117
19.0 39.20808746665716
62.0 33.46783987246454
80.0 54.49873582087457
62.0 46.608113816939294
47.0 62.004042118787766
16.0 55.36227964796126
39.0 41.48970153927803
39.0 33.534270621836185
75.0 31.36082525923848
63.0 48.27261831611395
16.0 36.50502188690007
44.0 40.07180371508002
45.0 62.378811268135905
28.0 56.99376475997269
47.0 46.87137238495052
57.0 44.0300397220999
15.0 57.74904181808233
43.0 32.964950043708086
70.0 48.830922178924084
12.0 28.587013919837773
56.0 41.92618963774294
48.0 36.681817723438144
23.0 57.52105420641601
80.0 56.700275991111994
4.0 64.68583192676306
7.0 38.89581812731922
63.0 56.8245689496398
72.0 91.46638972871006
21.0 55.64391811192036
65.0 47.849796837195754
63.0 44.450196631252766
43.0 29.79879814758897
7.0 37.91959377378225
48.0 37.82986064534634
67.0 58.95083959214389
55.0 34.665581008419394
39.0 25.299425270408392
40.0 67.65141829103231
0.0 37.375542633235455
79.0 48.04629884753376
45.0 44.47622922435403
38.0 70.78723420016468
89.0 53.417334996163845
60.0 29.425077855587006
73.0 40.28598437085748
51.0 39.27935573644936
24.0 34.25661321915686
23.0 37.74058538209647
54.0 73.05590869672596
1.0 37.83490579202771
65.0 46.88170151785016
51.0 54.18570049665868
0.0 46.883143411017954
70.0 43.22842663433403
40.0 50.46456282399595
56.0 36.3042593607679
59.0 58.89614639617503
4.0 53.89204294607043
30.0 42.61633043549955
4.0 61.19304575026035
55.0 40.86989703029394
29.0 26.76257124170661
72.0 49.35128349810839
50.0 62.15742393024266
65.0 52.40437873080373
60.0 57.51428971067071
33.0 45.64327611029148
77.0 45.65368093177676
54.0 45.033875413239
47.0 40.17017582990229
38.0 41.298402613028884
39.0 37.785621020011604
53.0 52.14950927719474
66.0 57.231769662350416
57.0 57.66015458479524
37.0 53.495714539662
54.0 28.19889268744737
4.0 35.69041469320655
44.0 45.325109767727554
60.0 63.095514219254255
7.0 36.35339561663568
62.0 54.695330599322915
62.0 39.05122407712042
30.0 22.151308683678508
60.0 39.59426341019571
11.0 43.85229504108429
53.0 53.06437189504504
74.0 62.57297026179731
48.0 42.13390074297786
67.0 64.64475725777447
35.0 41.838147381320596
71.0 49.37986632436514
39.0 50.98890023492277
22.0 69.71441427990794
44.0 62.36126009374857
53.0 28.852339506149292
47.0 51.03133327513933
42.0 52.01737593859434
67.0 45.49927135556936
56.0 54.5441057253629
49.0 49.234676687046885
62.0 48.53053376451135
70.0 51.601519683375955
52.0 49.41785604134202
62.0 52.61235999315977
75.0 44.82807423360646
68.0 53.77444041706622
5.0 44.393807822838426
37.0 27.340241754427552
70.0 56.942103361710906
74.0 60.69302949681878
56.0 50.71793035231531
26.0 52.233291865326464
56.0 41.87020255252719
22.0 42.78359926305711
47.0 39.57459205575287
34.0 53.40633752569556
20.0 51.49318221397698
68.0 50.934821299277246
71.0 47.121329959481955
30.0 53.51053371652961
16.0 43.980193585157394
58.0 55.45122088864446
16.0 56.301276149228215
53.0 37.76550800353289
61.0 51.77879791893065
59.0 67.89939973503351
7.0 52.49396661110222
59.0 52.84095627628267
49.0 44.73541450500488
37.0 30.301456918939948
87.0 54.39441062603146
32.0 35.71158661879599
47.0 51.24426915869117
39.0 39.40064042247832
50.0 61.67750350385904
0.0 57.846095975488424
77.0 46.41454898379743
17.0 53.201571468263865
66.0 62.42060838639736
65.0 50.190776623785496
80.0 38.501916125416756
74.0 50.61501701362431
7.0 42.83615121990442
67.0 50.12233075685799
31.0 40.7085403110832
53.0 42.58308471366763
51.0 43.542855026200414
10.0 42.32628609519452
70.0 49.90936202183366
36.0 51.15519171953201
66.0 41.120630104094744
71.0 40.92987306043506
72.0 52.878037732094526
13.0 49.429837461560965
47.0 48.814291186630726
60.0 51.62072314694524
42.0 39.246979743242264
4.0 49.35911976918578
68.0 47.59651658497751
33.0 51.53245364688337
37.0 35.816994205117226
50.0 41.21527867205441
33.0 28.524854024872184
56.0 51.54176575131714
34.0 41.93438197951764
58.0 35.05606950074434
64.0 37.221584625542164
47.0 55.93613941408694
49.0 40.29097121208906
61.0 25.75025398284197
66.0 53.21770612709224
56.0 43.003162644803524
69.0 31.841174159199
40.0 33.00462320819497
37.0 53.22511100023985
65.0 43.28461608476937
66.0 51.82132923975587
68.0 49.07387789525092
65.0 41.00196452252567
52.0 44.81801364943385
42.0 63.59998978674412
59.0 55.80411007069051
68.0 34.99909947998822
74.0 55.04721196740866
42.0 56.146008752286434
53.0 38.45182709116489
71.0 48.42355818580836
25.0 42.03647467494011
79.0 49.42319851927459
52.0 47.42404025513679
72.0 46.09935474861413
58.0 53.4553576502949
48.0 44.2126789893955
64.0 49.48740744963288
72.0 67.59645961970091
24.0 48.8721340559423
77.0 52.123832589015365
54.0 55.386441899463534
3.0 44.81406590901315
48.0 51.85911307763308
2.0 44.30539925582707
1.0 45.969259802252054
72.0 36.11561496369541
56.0 34.41379776597023
72.0 53.602529384195805
79.0 66.98399145714939
40.0 31.612518997862935
52.0 36.722197314724326
68.0 50.92661413177848
36.0 57.19866272807121
47.0 42.6739478521049
56.0 46.362600330263376
44.0 45.21814679726958
45.0 44.1803132109344
65.0 48.1380127100274
78.0 46.43454721197486
63.0 46.160805536434054
46.0 33.10495843552053
70.0 66.3491722792387
58.0 41.89783155173063
50.0 45.71196221001446
62.0 39.039161793887615
50.0 52.66969852335751
52.0 29.296024041250348
49.0 49.7773721460253
77.0 50.45483238901943
10.0 49.994829470291734
48.0 50.649380911141634
48.0 58.86430432647467
64.0 65.46512354537845
51.0 49.6794822588563
61.0 36.9581763651222
38.0 33.75291197374463
14.0 52.07163193449378
9.0 69.8531923610717
15.0 42.73532905988395
56.0 54.83471357263625
49.0 40.740491930395365
42.0 44.47170096822083
37.0 44.310902282595634
86.0 59.07169087789953
47.0 48.64978622086346
65.0 58.38281535357237
51.0 37.938777243718505
33.0 42.71076932922006
55.0 37.86121432483196
48.0 52.494627334177494
60.0 45.65584128163755
51.0 49.09154180623591
33.0 57.324463218450546
51.0 41.11133151873946
16.0 45.30536174681038
44.0 33.415802681818604
56.0 53.03178909979761
72.0 45.96841223537922
76.0 70.6109460350126
47.0 60.05705170147121
58.0 52.711335726082325
55.0 51.592965099960566
66.0 49.05243877135217
42.0 52.415578404441476
49.0 52.96287416853011
41.0 35.35055952705443
67.0 48.55863456148654
16.0 38.92817501164973
70.0 43.680912675336
34.0 30.276681911200285
41.0 33.810632763430476
74.0 53.896456990391016
73.0 55.38855969719589
71.0 46.744555935263634
41.0 35.906767800450325
65.0 49.4218633659184
63.0 42.9935319814831
68.0 54.52673910558224
15.0 59.480801824480295
58.0 37.983119832351804
79.0 48.181233666837215
42.0 39.04710518848151
64.0 45.24370468407869
76.0 73.74815375171602
50.0 57.8373896330595
40.0 44.34776028059423
65.0 44.57032648473978
48.0 42.654026947915554
41.0 36.8642969019711
45.0 53.05884324014187
70.0 60.659443985670805
74.0 54.19339272938669
7.0 36.70244614966214
53.0 54.50024653971195
75.0 40.67601282522082
75.0 34.43772881291807
44.0 34.523998498916626
63.0 45.54995322879404
63.0 41.33398420549929
44.0 36.61542711406946
44.0 57.556438939645886
30.0 51.282073985785246
57.0 49.64997163787484
77.0 28.19928357563913
64.0 52.114631958305836
47.0 40.795336422510445
93.0 54.58448412269354
55.0 67.29729334078729
59.0 54.51316890306771
77.0 52.188803819939494
76.0 50.79530529677868
60.0 46.43065618723631
57.0 55.14512746781111
47.0 68.21748371981084
60.0 48.15646010451019
38.0 52.2701663300395
68.0 38.31232928670943
49.0 39.11101557593793
39.0 47.01248420402408
52.0 52.239213827997446
65.0 62.910779448226094
59.0 52.195961041375995
76.0 60.82488847337663
50.0 52.46228859014809
26.0 52.202038284391165
28.0 46.93685198761523
53.0 48.285514038056135
67.0 54.24815164320171
64.0 68.88141246885061
40.0 48.30873020365834
58.0 49.38036116398871
46.0 38.56896858662367
77.0 59.237938271835446
52.0 53.4474019324407
55.0 37.99824360758066
10.0 55.566965240985155
68.0 60.00466411560774
0.0 49.37937155365944
80.0 28.703852539882064
56.0 66.35730856843293
64.0 51.70912252459675
50.0 47.02847954258323
74.0 56.65633115172386
14.0 34.11312123667449
51.0 41.626283462159336
78.0 72.05802185833454
37.0 60.188878037035465
60.0 38.93351495265961
35.0 57.39798221550882
52.0 53.74674226157367
23.0 48.532031293958426
40.0 39.2062814515084
52.0 51.84926694072783
30.0 50.86352125182748
28.0 46.565081341192126
39.0 45.60831360518932
3.0 55.13428137823939
5.0 41.187344105914235
44.0 28.1778779393062
77.0 60.165167472325265
68.0 41.0544676175341
62.0 45.33970766700804
47.0 46.948271330446005
45.0 49.27187866717577
72.0 39.92499039508402
44.0 31.12824214808643
51.0 50.912914883345366
63.0 49.15379045717418
90.0 45.431122643873096
51.0 60.40727250650525
38.0 69.21145829930902
74.0 59.569389294832945
75.0 41.946011221036315
25.0 56.37794300168753
26.0 55.51941560395062
69.0 24.020067246630788
73.0 40.2232208289206
49.0 41.614150105044246
63.0 48.93513705767691
17.0 59.307498913258314
42.0 49.80380862019956
66.0 53.82112038321793
24.0 36.97613073140383
71.0 58.20965844579041
49.0 43.3419804032892
55.0 55.18526195921004
52.0 39.7676314515993
38.0 48.53438437636942
60.0 61.44755547493696
49.0 43.44550881534815
49.0 46.63097686879337
49.0 51.06961705908179
51.0 72.03362531401217
69.0 48.33772785589099
59.0 30.901386810466647
39.0 70.4348669052124
68.0 40.639455480501056
69.0 39.50335746444762
55.0 37.95313451811671
43.0 52.316958766430616
73.0 37.83900886029005
47.0 52.99961825273931
71.0 45.868184538558125
53.0 54.7417799141258
58.0 49.48935792129487
54.0 46.41017314605415
41.0 48.25621219724417
64.0 28.162150277756155
65.0 53.426463810727
67.0 57.081413477659225
43.0 36.94439263083041
15.0 54.58879226259887
36.0 33.16945216245949
60.0 51.87406874075532
36.0 55.381588235497475
69.0 38.1866034604609
39.0 37.60747101157904
44.0 44.57017518393695
69.0 53.80038295686245
53.0 51.03471175394952
35.0 38.49149823375046
37.0 23.7063423730433
35.0 34.35005691088736
64.0 38.794190246611834
31.0 50.58103737793863
61.0 55.16409628093243
32.0 44.005881778895855
49.0 33.22787438891828
64.0 55.66775649692863
22.0 41.51055820006877
77.0 49.55202146433294
70.0 56.13640968501568
28.0 56.97717506438494
62.0 57.18400998786092
55.0 56.9866362772882
30.0 43.0320884808898
46.0 49.43329914845526
33.0 54.90666567720473
57.0 40.093744561076164
75.0 89.27085695415735
38.0 50.28718205355108
66.0 39.19086083304137
73.0 69.381541185081
47.0 51.85193024203181
78.0 37.21309591270983
84.0 51.61057558655739
58.0 34.346988963894546
60.0 46.96419455856085
63.0 54.09210722707212
15.0 39.845733964815736
61.0 33.16123363003135
11.0 51.648070614784956
62.0 41.42032874375582
56.0 55.590113850310445
77.0 50.599765540100634
63.0 37.13136178813875
76.0 40.47770160716027
63.0 55.424752954393625
61.0 36.3554758336395
23.0 45.52372928708792
67.0 45.3097629416734
82.0 57.23054943419993
23.0 49.555071130394936
54.0 55.61691600456834
51.0 62.93767650425434
4.0 44.61878748238087
82.0 52.07105750776827
27.0 49.44242241047323
84.0 50.46025460585952
13.0 37.90890100412071
56.0 50.50500575825572
56.0 49.536973148584366
54.0 62.11315596103668
50.0 46.58124075084925
75.0 51.967874590307474
69.0 42.02146250382066
22.0 43.7184172347188
57.0 54.57800243422389
69.0 34.38363652769476
64.0 47.795569146052
55.0 33.292051957920194
59.0 43.02239106595516
49.0 37.287012157961726
74.0 47.50058289896697
45.0 48.85246321186423
62.0 30.381071055307984
16.0 48.69156037829816
60.0 45.46578482165933
51.0 51.82286634296179
40.0 52.51528629101813
52.0 38.48501686193049
39.0 53.46305044554174
9.0 41.47600001655519
26.0 37.05887005105615
58.0 43.55334941484034
31.0 43.9914834946394
18.0 42.29644251614809
60.0 46.799747340381145
47.0 45.33326516672969
31.0 63.085414066910744
68.0 40.94418089836836
0.0 61.22731093876064
28.0 43.41932698152959
58.0 63.64703366532922
66.0 74.38011642731726
67.0 52.00015174038708
65.0 33.81606284528971
35.0 54.26275631785393
51.0 62.665403701364994
62.0 48.217263453640044
53.0 38.92225103266537
73.0 54.20134564489126
50.0 56.53989818319678
81.0 62.50749871507287
59.0 46.9354586713016
41.0 57.30670975334942
22.0 48.96389055252075
15.0 54.986551862210035
45.0 54.0004880130291
61.0 64.35397547669709
40.0 61.66357434540987
40.0 50.22698963992298
64.0 38.89598891697824
46.0 62.29851718246937
55.0 51.255449960008264
41.0 60.84936947003007
41.0 35.800760701298714
76.0 67.11768259294331
40.0 34.94159771967679
53.0 52.36913978867233
61.0 56.73489096388221
39.0 41.41071686707437
15.0 53.61649608053267
75.0 58.345607521012425
37.0 41.34823473729193
64.0 48.88693937845528
20.0 62.94089424237609
1.0 52.4946794770658
82.0 61.5942586613819
76.0 58.368756987154484
43.0 40.72316715121269
25.0 49.955074248835444
62.0 48.61230552941561
60.0 50.57134458422661
29.0 30.751686027273536
63.0 43.632428124547005
74.0 53.66239310242236
55.0 47.899806870147586
6.0 47.55700620263815
52.0 43.03848337568343
51.0 74.73626281693578
37.0 49.741232335567474
69.0 45.31416088435799
15.0 48.71352256461978
48.0 44.716517463326454
94.0 75.96141671575606
62.0 58.05871015973389
80.0 52.34283796325326
71.0 39.18754695728421
29.0 48.6583891287446
65.0 55.60737884603441
41.0 54.12138143926859
32.0 39.90530052036047
49.0 43.27878982387483
42.0 44.130725868977606
76.0 45.335941234603524
49.0 42.349796917289495
64.0 38.028901509940624
47.0 52.95068333297968
71.0 67.78787646070123
45.0 52.512502579018474
67.0 58.89742345362902
75.0 55.79160271398723
50.0 77.37725228443742
83.0 47.30896698869765
49.0 54.66588461026549
47.0 44.687003042548895
1.0 42.10728733986616
2.0 33.1731632463634
65.0 53.239503152668476
49.0 49.28403146751225
53.0 40.371485186740756
76.0 39.2141229538247
45.0 33.85657598823309
65.0 50.33918851427734
55.0 67.9280995465815
19.0 54.583852149546146
43.0 44.677900129929185
50.0 51.854534128680825
61.0 57.61994055658579
1.0 47.316794550046325
48.0 44.91914692521095
67.0 48.29770379140973
38.0 38.7119416911155
15.0 58.51374725624919
14.0 55.57057949900627
40.0 50.153765097260475
4.0 47.21750020980835
97.0 65.46332503855228
51.0 42.66475691832602
27.0 34.489354783669114
57.0 30.843011451885104
7.0 53.80889439769089
45.0 49.13881660439074
48.0 42.46125929802656
33.0 46.440087725408375
80.0 60.812327176332474
61.0 41.16772494651377
40.0 38.111778907477856
6.0 44.341567954048514
65.0 51.33480209391564
68.0 58.70373282767832
27.0 42.726443357765675
58.0 61.046667367219925
25.0 37.356847839429975
74.0 45.43725801166147
67.0 40.32483440078795
59.0 42.13609367236495
30.0 56.93656239658594
74.0 52.352747797966
62.0 55.95254047587514
26.0 36.199189935810864
59.0 39.135933162644506
57.0 52.518836092203856
74.0 55.366015162318945
59.0 49.210882076993585
49.0 66.01746414229274
67.0 31.62118763756007
52.0 50.06793263554573
10.0 54.481760393828154
40.0 48.816936913877726
34.0 51.05755920149386
17.0 54.05417824536562
28.0 52.668538176454604
75.0 54.24960438348353
41.0 45.878696981817484
47.0 40.01720000244677
25.0 39.13797568157315
42.0 64.25087518431246
32.0 60.43599313683808
76.0 46.363134725019336
1.0 37.085607789456844
55.0 41.839705385267735
40.0 47.32878732774407
33.0 49.106762731447816
63.0 51.20857574976981
58.0 53.19305135495961
36.0 39.37359938211739
66.0 60.846786104142666
54.0 50.19953836686909
73.0 48.141309953294694
47.0 49.91987473703921
29.0 39.09250075556338
8.0 55.78205573000014
73.0 37.89984047785401
40.0 41.406062262132764
41.0 44.92490356229246
65.0 68.28664561547339
91.0 48.62350919470191
46.0 45.396758392453194
54.0 26.58925466053188
23.0 58.358685452491045
40.0 59.7054483089596
72.0 56.98343732394278
49.0 41.60067079029977
53.0 38.66772195138037
39.0 49.90885350853205
8.0 49.28981579653919
49.0 22.611397101543844
67.0 65.73177770711482
58.0 53.72515342570841
55.0 50.666269486770034
61.0 59.8087711147964
80.0 64.50760845467448
76.0 47.20055906102061
59.0 36.41872960887849
42.0 54.69145242124796
15.0 47.08085258863866
69.0 51.915067840367556
47.0 47.80774071626365
32.0 38.95135739631951
56.0 34.081701232120395
40.0 37.18646252155304
49.0 53.63018676824868
28.0 32.125213423743844
53.0 37.21171419136226
53.0 44.386777406558394
77.0 39.07227113377303
55.0 41.388304529711604
77.0 40.09277663566172
65.0 52.52546762302518
60.0 41.4274767851457
47.0 74.7670230846852
39.0 38.77645203471184
42.0 36.270594615489244
45.0 56.47068769298494
45.0 27.685919856652617
65.0 56.17005964554846
61.0 36.70160607434809
37.0 44.408381912857294
42.0 43.334744434803724
56.0 49.927937623113394
68.0 62.13342944532633
60.0 44.98415900301188
55.0 42.0307588763535
65.0 46.14832362346351
2.0 44.242494352161884
65.0 42.4231980945915
27.0 59.475611655041575
57.0 29.949053255841136
85.0 67.15935264341533
54.0 57.841348526999354
26.0 32.52209741342813
35.0 59.49357193335891
57.0 68.98110076226294
57.0 54.11853291094303
44.0 53.53184412419796
42.0 62.666089069098234
83.0 46.64153523184359
63.0 54.26439930405468
69.0 46.37858507409692
42.0 61.08346173912287
65.0 47.65307488758117
37.0 44.72778545692563
43.0 40.532844971865416
53.0 46.99985903594643
46.0 55.66664453409612
49.0 50.29685090109706
48.0 41.44186019897461
59.0 38.79306381661445
40.0 33.755267068743706
54.0 48.634606121107936
47.0 27.366468558087945
71.0 42.81354874558747
35.0 45.213278794661164
43.0 30.647296898066998
20.0 40.573333436623216
19.0 49.212731977924705
24.0 49.88750601746142
51.0 48.117524456232786
68.0 57.85038475506008
46.0 28.183652384206653
62.0 52.77643666788936
74.0 47.93726816214621
36.0 60.80436886660755
66.0 40.526276300661266
35.0 44.82329872529954
62.0 51.26828733738512
53.0 53.01680496521294
53.0 20.28465419728309
55.0 41.826788514852524
3.0 57.92292104288936
32.0 64.97044773586094
65.0 48.0963433990255
24.0 46.905788267962635
77.0 47.54924433771521
46.0 22.599575778469443
63.0 55.9065766017884
42.0 33.682425767183304
63.0 37.97121227439493
42.0 43.62061403132975
79.0 47.86436013132334
58.0 50.62851380556822
48.0 28.627686311490834
29.0 65.95049352757633
51.0 42.881948973052204
47.0 45.47769043035805
96.0 54.414963375777006
62.0 37.42171926796436
39.0 50.5111863296479
31.0 58.570099955424666
57.0 46.95181746408343
71.0 43.64056795835495
23.0 36.39275355730206
0.0 46.961890157312155
54.0 55.38102354295552
62.0 47.61376726068556
65.0 32.128539469093084
84.0 43.521283517591655
69.0 58.536077443510294
44.0 51.76709811203182
63.0 49.41372476890683
38.0 27.511820290237665
26.0 57.13357871957123
15.0 41.041173855774105
67.0 46.596474735066295
41.0 40.626694300211966
45.0 57.21357139572501
30.0 45.038568606600165
69.0 45.76805795170367
50.0 49.898886965587735
47.0 37.16181522607803
38.0 45.26025898754597
65.0 42.038309874013066
69.0 46.479678272269666
32.0 43.92980039678514
45.0 47.85469262301922
71.0 22.636595129966736
42.0 42.444757513701916
66.0 61.73129658959806
26.0 51.976233802735806
64.0 28.28772945329547
81.0 57.98102797754109
6.0 52.66281948052347
66.0 44.829854337498546
12.0 29.918337151408195
20.0 28.2872657161206
51.0 44.98767675086856
51.0 42.48721331078559
0.0 55.307957300916314
67.0 41.55386232584715
46.0 35.864100044593215
70.0 44.696916326880455
44.0 38.814809632487595
55.0 30.874615946784616
37.0 46.22493910416961
34.0 65.34325634688139
52.0 34.77467031683773
58.0 41.693837529048324
62.0 37.79166451096535
52.0 40.105691557750106
65.0 49.21578325331211
73.0 72.33632565755397
17.0 62.8745628464967
52.0 36.85342640057206
42.0 50.744717536494136
49.0 38.981610449030995
60.0 41.65521243214607
35.0 32.546705841086805
52.0 43.68300158716738
61.0 43.34077551960945
51.0 56.482193522155285
48.0 53.91708858590573
28.0 38.24464272893965
55.0 42.24987830873579
3.0 63.90384314954281
37.0 43.69171994738281
78.0 49.37939184717834
83.0 53.56395242549479
41.0 56.69572342000902
57.0 40.34198399446905
70.0 57.336653562262654
24.0 45.720079861581326
64.0 53.63904558122158
48.0 61.0799142755568
55.0 44.45807834994048
77.0 55.36948878504336
34.0 45.28601711150259
28.0 44.09029642306268
80.0 42.58785175345838
77.0 36.85584484040737
71.0 40.752879912965
45.0 36.09351128526032
32.0 45.68748161569238
82.0 58.26273760572076
71.0 46.89495327882469
46.0 41.07485424540937
49.0 47.267631117254496
53.0 50.73993779812008
67.0 64.08325549401343
64.0 43.10241362825036
57.0 52.40945409797132
39.0 61.18815913051367
70.0 51.55687457229942
58.0 66.04631006903946
68.0 48.988102809526026
76.0 69.3844183254987
58.0 44.75669550523162
42.0 43.96928354911506
76.0 66.00854686275125
52.0 71.61403224989772
66.0 39.562638740986586
50.0 43.099425829946995
32.0 35.8394814375788
71.0 44.73046854324639
68.0 69.6505840793252
59.0 51.25278504565358
30.0 31.820147523656487
40.0 45.13964182510972
57.0 58.392369866371155
48.0 56.348150132223964
51.0 54.188993353396654
74.0 80.07400135695934
0.0 33.56003990583122
68.0 40.86804338730872
73.0 59.308934062719345
53.0 65.74789338186383
36.0 44.14373529236764
38.0 37.48683246970177
90.0 65.13868737220764
62.0 61.11645142547786
61.0 28.280321564525366
36.0 68.41965388134122
68.0 67.04449308663607
61.0 54.088889641687274
6.0 41.80733899585903
24.0 36.33660253509879
24.0 68.46171729825437
58.0 57.216908529400826
1.0 46.586151542142034
32.0 52.277185291051865
10.0 52.86671602912247
43.0 49.602725775912404
56.0 48.25657327659428
13.0 36.96179603878409
47.0 67.23947683908045
53.0 57.498473420739174
6.0 66.03344959393144
77.0 50.03070390969515
71.0 34.899852748028934
59.0 78.37057821080089
76.0 55.74678327329457
64.0 66.63551791012287
45.0 35.702347515150905
46.0 57.8282995801419
53.0 45.84767817519605
40.0 48.58292039297521
80.0 64.65349492803216
63.0 49.863963993266225
52.0 50.828569170087576
78.0 41.899437218904495
65.0 58.49108815565705
58.0 47.32160460203886
49.0 51.55212849378586
77.0 41.97517388034612
35.0 37.79799630958587
71.0 43.84808184951544
63.0 49.550362749025226
57.0 56.79953798651695
32.0 54.50792821869254
60.0 55.388886468485
58.0 33.66204915847629
30.0 71.97520763799548
53.0 49.97114212997258
43.0 56.267125617712736
71.0 44.171826995909214
43.0 55.97097593732178
55.0 42.89614065922797
15.0 35.27153469249606
26.0 45.108076095581055
28.0 54.73683962598443
47.0 66.6639029532671
44.0 49.38172076456249
44.0 37.05498194973916
72.0 53.251853223890066
72.0 58.3297604881227
47.0 51.679172076284885
44.0 36.06635775603354
56.0 49.75657786242664
11.0 44.120878195390105
95.0 74.99529192876071
44.0 35.61545339412987
45.0 54.639523055404425
22.0 51.10584697127342
87.0 57.082184839993715
7.0 66.9500600323081
32.0 50.33620417304337
0.0 51.41681701224297
71.0 59.3542084954679
18.0 53.00114390254021
28.0 48.72660547308624
36.0 62.72896817326546
39.0 36.65395870245993
30.0 54.222815150395036
51.0 42.24911908991635
51.0 60.29578213021159
57.0 47.1894662193954
9.0 35.20712989382446
50.0 53.391738064587116
79.0 44.17889786325395
60.0 42.88528267480433
55.0 53.82495745643973
48.0 37.88388955127448
73.0 61.30286665447056
53.0 49.209069937467575
41.0 68.3771973066032
27.0 52.847529308870435
63.0 43.50447734631598
73.0 47.59163426049054
29.0 30.775270387530327
63.0 24.243429673835635
38.0 32.33995294570923
54.0 50.33698265440762
3.0 49.40184362232685
0.0 38.48883589357138
60.0 58.74995173327625
63.0 58.33906028047204
70.0 50.89457899238914
68.0 59.34095817245543
46.0 35.371939688920975
58.0 41.957220351323485
51.0 42.628583976998925
59.0 41.352198427543044
20.0 56.693001721054316
60.0 53.90170526318252
51.0 43.17431350238621
35.0 68.50942209176719
21.0 49.44347294420004
40.0 49.543662182986736
27.0 42.01842129789293
14.0 37.90824939310551
45.0 47.619144815951586
46.0 46.658750179223716
43.0 50.601770367473364
55.0 37.69680452346802
74.0 49.01436682231724
3.0 36.446891052648425
53.0 58.73871062323451
57.0 46.160221433267
89.0 47.457202749326825
20.0 36.07381137646735
70.0 29.31125758867711
2.0 44.413050670176744
69.0 63.888920763507485
78.0 39.23569558095187
48.0 44.73395052459091
30.0 58.91705375164747
64.0 51.78011081367731
75.0 39.20819791033864
15.0 66.44922129996121
76.0 50.33061341382563
67.0 52.98952145501971
41.0 39.35724630020559
45.0 32.897989900782704
50.0 54.59584232792258
11.0 57.26661558635533
63.0 48.96203685179353
0.0 51.7172363512218
66.0 37.34665106609464
48.0 27.769714678637683
36.0 39.729724215343595
71.0 38.96817874908447
49.0 54.06880345195532
70.0 31.38743014074862
17.0 58.42855738662183
48.0 49.65593560412526
62.0 61.31978810764849
81.0 45.9033901784569
73.0 56.366590950638056
74.0 51.74503978714347
76.0 42.85425498522818
68.0 30.172152688726783
57.0 49.22802746295929
27.0 28.86999740637839
55.0 48.06720011215657
63.0 65.79221502132714
33.0 26.947614069096744
21.0 66.76149922423065
81.0 49.01454118639231
71.0 42.484909638762474
85.0 57.0821848642081
29.0 41.59474520199001
73.0 52.56379846576601
32.0 58.35117017664015
65.0 48.54110478796065
54.0 59.51615793071687
43.0 45.16932754032314
37.0 47.994844414293766
68.0 47.67133466526866
66.0 46.156878715381026
30.0 42.40696444362402
80.0 48.00609273836017
50.0 27.868596613407135
74.0 55.49707353301346
72.0 54.48187978193164
74.0 70.98108619824052
66.0 56.75290727056563
82.0 57.68263443186879
7.0 43.78853677585721
56.0 48.75748440437019
4.0 35.86293353885412
40.0 33.15260681603104
42.0 43.786913845688105
4.0 47.43367623351514
4.0 39.54197716154158
53.0 36.07170919049531
52.0 72.71746392920613
38.0 41.920117259025574
65.0 34.596806860528886
25.0 39.53458989132196
65.0 54.57248478010297
43.0 47.50008820742369
56.0 46.32418193947524
41.0 58.64214532636106
90.0 49.94047125801444
55.0 38.42008930258453
62.0 48.05598149262369
45.0 37.00837864354253
37.0 34.0431495513767
40.0 63.12160901539028
73.0 46.969322519376874
68.0 46.83203078433871
16.0 42.65460512600839
64.0 40.88349352777004
64.0 68.13019932061434
58.0 22.938877237960696
44.0 38.33188574202359
50.0 53.5026538297534
62.0 56.97129046916962
31.0 59.5994476955384
55.0 30.508108575828373
61.0 50.58205872122198
69.0 47.87485764361918
0.0 53.2651461455971
46.0 55.681363774463534
46.0 42.842841017991304
41.0 52.19291760586202
64.0 43.48071223683655
43.0 43.944634979590774
30.0 33.56778087839484
51.0 36.77352352626622
42.0 41.96632104739547
55.0 38.12808637320995
63.0 64.33573277667165
57.0 73.50147914327681
19.0 71.51357297971845
15.0 51.07965247891843
44.0 53.91513258218765
65.0 56.7403362467885
33.0 55.635859947651625
21.0 56.76440075598657
50.0 55.34427418000996
78.0 43.970692546106875
70.0 46.27301841415465
48.0 42.48360401391983
53.0 51.29338066652417
58.0 37.19318722374737
70.0 50.9652344211936
85.0 49.40742427483201
73.0 45.3517894372344
72.0 67.79981241747737
60.0 46.32593749649823
70.0 53.5355682503432
31.0 64.7232505902648
63.0 43.32079272530973
53.0 49.956733581610024
58.0 55.493731633760035
3.0 32.85099462792277
65.0 43.21448119357228
56.0 57.61145721189678
58.0 39.28357834741473
55.0 69.52532028593123
61.0 50.317810371518135
35.0 39.5510299038142
73.0 43.58036159351468
49.0 40.811598259955645
77.0 52.21047454699874
72.0 42.82881408557296
57.0 40.56276318524033
42.0 47.185402216389775
51.0 32.051870660856366
64.0 41.97062799800187
56.0 42.50795241072774
6.0 44.87010400928557
77.0 40.923253521323204
50.0 53.79976831935346
80.0 55.83079187385738
30.0 51.574916353449225
60.0 36.939524695277214
66.0 49.55164826661348
52.0 44.030900090932846
78.0 55.08627248741686
54.0 46.90919952187687
18.0 31.597868535667658
71.0 35.7737209899351
4.0 61.12781133688986
81.0 54.842931574210525
2.0 50.42787128686905
54.0 44.110643319785595
70.0 46.766646560281515
46.0 49.47855078242719
69.0 46.25332575663924
69.0 55.070519683882594
76.0 44.70066621899605
65.0 30.788380448706448
51.0 67.7936395816505
58.0 42.823421919718385
56.0 50.551884055137634
60.0 51.07792590558529
58.0 45.268206352368
70.0 43.7718025110662
76.0 32.371160726994276
58.0 49.76180243305862
70.0 60.5395395681262
72.0 44.50507332198322
52.0 37.28898729477078
70.0 45.35457668080926
60.0 62.9176511913538
44.0 33.494143698364496
54.0 57.0629779715091
10.0 65.17916826158762
16.0 41.93021165765822
63.0 44.23577209934592
50.0 59.0510362572968
54.0 47.44852634705603
12.0 47.955227587372065
50.0 53.64432870037854
54.0 72.62376927956939
47.0 44.84744165837765
64.0 43.320044696331024
72.0 38.77290342003107
62.0 48.26472350116819
40.0 33.05430393666029
2.0 44.45277663320303
75.0 53.20621184632182
7.0 50.60983660258353
18.0 46.51156317256391
53.0 42.09601041674614
60.0 52.50965530611575
69.0 67.11763988435268
51.0 51.45678438432515
23.0 38.09653574600816
12.0 45.20014747232199
58.0 50.00685031525791
49.0 52.91683514602482
46.0 36.86711730249226
53.0 37.99704707413912
3.0 55.53436492010951
50.0 43.07237256504595
3.0 44.24896923452616
57.0 46.531736167147756
44.0 48.50402267463505
7.0 40.18688629753888
43.0 49.458166521042585
17.0 49.50065869651735
65.0 52.32621135562658
58.0 41.31414945423603
71.0 26.622425908222795
41.0 51.02628065645695
76.0 46.30216020159423
52.0 48.453861565329134
48.0 55.79191041737795
63.0 51.37154265679419
52.0 63.498998863622546
65.0 44.763549676164985
78.0 37.81635082885623
0.0 34.47569116298109
73.0 34.83403390459716
41.0 34.13581673800945
59.0 34.11534081213176
51.0 72.80979264900088
68.0 48.498483223840594
44.0 54.361629080958664
64.0 44.03889658115804
49.0 32.95005847141147
60.0 39.77816712856293
37.0 58.03643986210227
65.0 53.80633522942662
67.0 42.12410522811115
39.0 38.57320700958371
55.0 43.51042673736811
4.0 45.78870453312993
58.0 33.9427975974977
56.0 43.47965395078063
83.0 73.14641062915325
61.0 47.72572998609394
66.0 46.72223545238376
76.0 46.72914274968207
72.0 43.31534969806671
66.0 58.392424784600735
59.0 36.5213379394263
14.0 42.506982170045376
73.0 21.953763069584966
45.0 63.45995407924056
54.0 46.89450852572918
40.0 59.40439822524786
60.0 44.58000733330846
69.0 66.98574301600456
33.0 34.320938643068075
23.0 37.643753385171294
70.0 50.19121405109763
65.0 46.297862093895674
21.0 49.17476386576891
58.0 58.60134627856314
77.0 51.363800106570125
0.0 30.607276536524296
54.0 58.52374171838164
32.0 48.242106726393104
39.0 48.98335233516991
75.0 52.20654519274831
51.0 49.33150316774845
60.0 38.331230646930635
17.0 34.57811881043017
48.0 39.093271049670875
32.0 41.45962003991008
59.0 57.38688186183572
24.0 53.04833693988621
54.0 49.68227421678603
88.0 47.06201145425439
78.0 28.244947420433164
75.0 39.05920192506164
19.0 49.05082017369568
65.0 56.9441642742604
45.0 73.7077746130526
44.0 43.756606271490455
62.0 44.89150056056678
9.0 42.75011990405619
47.0 46.245122365653515
29.0 56.35210330039263
56.0 48.71931163594127
73.0 49.593745132908225
63.0 38.66032945737243
13.0 46.27851505577564
62.0 51.68087061494589
72.0 36.439046300947666
63.0 49.77529538329691
45.0 55.72822307795286
56.0 36.613210898824036
67.0 71.03730326145887
72.0 44.516139027662575
68.0 44.04019691608846
39.0 41.66722892969847
10.0 62.45485952310264
18.0 51.39649721607566
65.0 68.8138549849391
49.0 59.72646076604724
49.0 23.116486297920346
51.0 48.45365981012583
62.0 42.687353648245335
65.0 54.4490432292223
56.0 50.51853156834841
63.0 48.081221943721175
36.0 62.877102766186
55.0 46.006901655346155
48.0 38.77486500144005
58.0 74.73329971916974
63.0 53.27563704550266
41.0 35.560651645064354
18.0 45.45290954038501
44.0 61.06112533994019
46.0 64.76781168393791
62.0 48.86624660156667
75.0 47.48345876485109
43.0 68.19165613874793
38.0 46.49656664207578
85.0 55.129116371273994
58.0 29.676814943552017
57.0 49.62447568681091
0.0 58.366677137091756
61.0 34.01525113824755
52.0 54.23045101389289
62.0 37.89968518353999
0.0 37.35116726253182
55.0 39.602672938257456
5.0 42.60312985442579
86.0 48.820163663476706
26.0 30.559423653408885
47.0 57.28643114678562
64.0 37.47953519411385
32.0 40.67195208929479
22.0 48.91371828503907
55.0 39.96546758711338
35.0 38.0094344150275
48.0 34.297313950024545
34.0 41.019668120890856
13.0 51.6646834295243
18.0 47.608516965061426
39.0 36.932443629950285
67.0 41.584153674542904
60.0 69.35390261374414
40.0 37.25893314741552
51.0 33.044609176926315
21.0 36.61431041080505
71.0 43.411554052494466
5.0 48.33592115342617
43.0 40.00900843925774
43.0 49.271483678370714
51.0 52.84147803205997
32.0 38.13178284559399
72.0 64.90157933905721
26.0 53.56024080887437
60.0 57.227327110245824
42.0 38.80871256440878
55.0 51.63829488120973
12.0 34.679753037169576
73.0 63.23760697059333
2.0 59.89593008160591
52.0 61.06163443997502
42.0 34.13926863949746
41.0 58.62948061712086
36.0 45.047418870963156
48.0 31.63726822566241
55.0 46.453383885324
63.0 46.24027537740767
69.0 25.22612606268376
65.0 55.317473674193025
58.0 46.82722105272114
49.0 52.34396342933178
62.0 60.94900051318109
59.0 48.096234638243914
81.0 38.359847739338875
60.0 49.63584831357002
64.0 43.307409385219216
71.0 43.33821077644825
3.0 42.92963814176619
51.0 62.236481599509716
28.0 54.84801581315696
22.0 41.99131870083511
46.0 60.20209571905434
8.0 48.81365661881864
65.0 53.563498275354505
49.0 60.073658945038915
32.0 52.62187219783664
39.0 41.8042600043118
11.0 67.52045006118715
74.0 44.51347351446748
64.0 38.2658405341208
63.0 37.97879687976092
7.0 57.51912045106292
71.0 38.40665993653238
38.0 51.79291185922921
44.0 66.21066555008292
55.0 32.248844131827354
77.0 46.799331760033965
26.0 59.566833559423685
48.0 55.14557246863842
49.0 47.47497485950589
63.0 49.2852958869189
66.0 49.93551865592599
17.0 61.093173334375024
44.0 49.80361006036401
59.0 47.27712567150593
40.0 74.82840563356876
26.0 40.23414930794388
53.0 53.347117664292455
40.0 48.1259262226522
12.0 59.53045051917434
37.0 47.81432186253369
76.0 77.42460000142455
51.0 42.6285406332463
66.0 32.75095234066248
72.0 58.695845821872354
58.0 58.021629275754094
21.0 43.67782129533589
40.0 47.307901305146515
8.0 52.80235268175602
66.0 54.283107198774815
51.0 74.674083231017
39.0 54.68539220653474
14.0 47.94224814325571
60.0 45.74276406131685
44.0 39.51527857873589
52.0 50.11271036416292
64.0 39.54446984175593
54.0 49.6930615901947
52.0 44.22993109934032
34.0 44.647422784008086
55.0 51.47309001721442
58.0 28.675547244027257
50.0 46.74170892499387
66.0 91.93115965276957
48.0 39.49690577574074
45.0 34.44493876211345
52.0 49.80408249795437
48.0 63.51292843185365
93.0 44.10692615248263
63.0 53.55985617823899
66.0 39.62482449691743
68.0 50.393816503696144
59.0 46.183172918856144
58.0 35.37623315025121
39.0 51.37278553377837
67.0 37.970292979851365
70.0 39.74524863436818
3.0 49.86287435144186
50.0 53.20614328980446
61.0 53.143368704244494
69.0 51.348744040355086
52.0 57.5984157808125
59.0 52.482950206846
28.0 29.415955057367682
55.0 39.70912100933492
73.0 57.70047995634377
60.0 47.69154676422477
40.0 32.84426205046475
56.0 43.18167663179338
67.0 41.58516125753522
72.0 49.813169904984534
66.0 52.91724918410182
67.0 39.79091929830611
68.0 46.67563173547387
50.0 34.1402283590287
74.0 57.18708616681397
46.0 42.65970896370709
73.0 47.65952891204506
48.0 38.863196798600256
62.0 38.806873977184296
22.0 65.7831835784018
15.0 37.76409159973264
31.0 25.2919087652117
13.0 44.530037177726626
58.0 53.739906086586416
61.0 26.576622820459306
67.0 55.49947453290224
68.0 50.32476303726435
62.0 53.11875833198428
59.0 34.076686864718795
7.0 46.56063660606742
57.0 47.18356163427234
24.0 45.942348970100284
60.0 47.302261986769736
11.0 48.172686487436295
41.0 50.50724736973643
69.0 60.282479567453265
61.0 47.9635077547282
67.0 51.11687548458576
53.0 54.693314764648676
51.0 39.21688485890627
33.0 44.57175415754318
47.0 37.90214913152158
44.0 71.90308806858957
78.0 44.095550511963665
82.0 56.69854827784002
48.0 43.73416456207633
75.0 58.68038995936513
60.0 37.028058813884854
47.0 48.392424032092094
76.0 68.09749392792583
78.0 62.716150069609284
53.0 58.821753058582544
54.0 41.48306440003216
46.0 54.317835522815585
67.0 58.61148209683597
49.0 66.59522485733032
16.0 32.683601344935596
35.0 31.568480987101793
64.0 62.40528885088861
54.0 57.10560803394765
58.0 30.570227934978902
70.0 42.52405132073909
47.0 47.28357462771237
43.0 57.12442962452769
70.0 58.025701597332954
6.0 41.4740140195936
44.0 49.60279593616724
67.0 34.39023413695395
13.0 50.8308457871899
63.0 72.50493845716119
63.0 55.28046320192516
45.0 50.08254652842879
42.0 56.16073255613446
16.0 25.154014363884926
80.0 44.89775519631803
58.0 58.902350164949894
56.0 64.34853915125132
67.0 61.47594635747373
54.0 52.9179579205811
37.0 46.65215211547911
60.0 58.17546108737588
0.0 38.24363711103797
65.0 72.07549081463367
73.0 40.32520562969148
70.0 32.765017718076706
30.0 53.17779914382845
59.0 63.252137972041965
52.0 35.61618357524276
46.0 40.227630473673344
63.0 39.472722561098635
68.0 49.83309317007661
50.0 39.358115473762155
16.0 36.33475720137358
67.0 52.495438281446695
48.0 50.979092102497816
50.0 37.05642276722938
63.0 58.545908376574516
2.0 38.53760885074735
53.0 68.0816065594554
66.0 57.867059122771025
58.0 48.634539142251015
51.0 40.337166734971106
58.0 44.334594033658504
51.0 28.266615390777588
65.0 44.14539194852114
47.0 26.632013466209173
64.0 29.07974419184029
60.0 51.453686378896236
38.0 38.448403500020504
42.0 49.56175276264548
53.0 53.253966100513935
1.0 27.229879210703075
64.0 46.19927560351789
50.0 45.17471351660788
62.0 58.48008428700268
57.0 50.94166700262576
74.0 34.24125321768224
59.0 56.51888773590326
35.0 50.25890995375812
79.0 54.066787011921406
2.0 44.94833077676594
61.0 40.11666018515825
53.0 30.858399838209152
50.0 45.157755913212895
55.0 65.99989228136837
0.0 66.58075392059982
64.0 58.709577886387706
45.0 51.02136480808258
68.0 27.802669855766
45.0 47.77393734641373
24.0 43.426180589944124
41.0 34.433356864377856
42.0 47.117907860316336
84.0 52.144491732120514
12.0 35.42282641399652
70.0 54.00407120026648
63.0 46.23544778302312
52.0 32.46484657563269
44.0 56.67580774053931
45.0 45.93432184122503
56.0 40.40711956471205
50.0 40.921137634664774
70.0 36.39273952227086
94.0 71.0121185965836
64.0 45.03667319379747
49.0 45.07312426250428
43.0 44.415703009814024
20.0 67.94401135668159
81.0 56.2787226177752
38.0 33.00739035848528
52.0 55.23474605940282
59.0 46.769269267097116
63.0 36.10247763246298
48.0 48.87756114453077
49.0 58.55590391904116
37.0 43.75437327474356
71.0 51.5571203045547
58.0 50.27363435178995
62.0 63.570970859378576
55.0 56.56312088854611
66.0 43.62461805250496
62.0 39.93611109163612
55.0 51.44453661330044
69.0 53.36936090886593
39.0 52.42463339678943
31.0 54.51123598776758
65.0 51.908175533637404
77.0 46.915954153984785
39.0 59.50930102542043
67.0 57.46357709169388
64.0 39.479646747000515
63.0 39.03322925232351
59.0 44.52224910445511
46.0 45.97995401546359
19.0 46.60415894724429
54.0 62.50594123825431
2.0 48.855911592021585
71.0 44.38457149639726
90.0 57.30367926880717
53.0 47.244424944743514
52.0 54.0677451826632
30.0 49.8235453478992
72.0 47.669631784781814
57.0 45.484470875933766
56.0 52.07099028490484
60.0 46.936628153547645
61.0 37.7430712915957
49.0 45.71469292975962
51.0 55.72883494757116
75.0 53.51964920852333
5.0 53.12964993156493
58.0 44.10655342787504
15.0 49.1276706494391
41.0 50.00155161507428
41.0 38.70307435281575
52.0 42.21247059106827
59.0 50.26415842957795
50.0 31.990543546155095
57.0 47.868200881406665
64.0 56.953362284228206
43.0 34.27117332816124
72.0 48.506203865632415
73.0 38.38862236216664
47.0 41.27006511762738
52.0 32.85227817483246
62.0 35.01113720424473
73.0 64.50021537393332
40.0 66.14755604602396
66.0 44.93532029353082
45.0 58.1072443947196
59.0 51.25899932719767
33.0 45.71675583161414
50.0 57.76264471001923
60.0 51.03945364058018
64.0 63.423241006210446
50.0 54.15993528813124
48.0 20.240296167321503
60.0 49.40732204448432
5.0 70.97151425480843
11.0 47.07152948342264
73.0 47.796080871485174
42.0 56.57099257968366
37.0 49.76152432337403
52.0 53.88352863676846
49.0 34.68957702629268
70.0 46.91080279648304
77.0 56.68382457084954
46.0 57.300969352945685
57.0 54.11018547043204
43.0 50.25228331796825
15.0 58.80347320437431
73.0 49.82356658577919
39.0 49.67020333185792
22.0 35.12448018975556
56.0 39.22055934276432
64.0 43.43451595772058
22.0 43.68711594119668
50.0 26.424578324891627
57.0 47.29954213090241
67.0 42.2366564553231
42.0 40.88735603541136
37.0 50.611591771245
62.0 56.885811927728355
61.0 48.1863726247102
69.0 46.8156562615186
18.0 38.909652734175324
53.0 47.363994712010026
8.0 39.27201818488538
50.0 46.4995018877089
50.0 44.09118102118373
51.0 65.73953248374164
53.0 48.20866653881967
25.0 57.04537584260106
38.0 43.635424327105284
32.0 48.91611870750785
33.0 22.09597191773355
45.0 47.14123589359224
24.0 59.37796828150749
56.0 34.18707420490682
43.0 50.579514399170876
42.0 48.946880131959915
90.0 60.99798592552543
69.0 47.600172370672226
8.0 30.794057546183467
0.0 48.53832081705332
89.0 60.798424078151584
48.0 46.36637683771551
18.0 54.81256138719618
98.0 45.538973800837994
74.0 63.70166574139148
52.0 53.35640252754092
65.0 55.482715502381325
58.0 38.60011901892722
55.0 50.45812497101724
44.0 44.00186313316226
52.0 50.906707640737295
48.0 49.49380996823311
22.0 50.29098757728934
34.0 38.49536248669028
75.0 52.21986289508641
2.0 56.24798195809126
4.0 48.66061150468886
31.0 36.29129668697715
69.0 53.21719140186906
47.0 49.18341745249927
73.0 54.81577103212476
11.0 51.26510919444263
42.0 44.04931475222111
31.0 46.20447436906397
67.0 49.592623598873615
36.0 44.75173128768802
46.0 49.81161655113101
36.0 49.48688280582428
54.0 45.23522192891687
75.0 65.15586639009416
50.0 62.041897570714355
38.0 52.1064378824085
9.0 52.569710813462734
76.0 47.08378729969263
12.0 40.85799229796976
52.0 68.10015583783388
50.0 48.158264288678765
50.0 48.363483435474336
59.0 49.22312646172941
59.0 55.83161000069231
38.0 29.460722740739584
0.0 50.82908659055829
37.0 49.07346416451037
73.0 59.327835055068135
34.0 43.78196567669511
58.0 45.230180392973125
43.0 49.11982467118651
14.0 67.20238724350929
64.0 83.1275956556201
45.0 37.386869475245476
43.0 45.51268646866083
64.0 45.05440388247371
65.0 53.595385272055864
80.0 52.06068145483732
40.0 47.42006202042103
58.0 45.41791397705674
75.0 47.450967638753355
79.0 46.88189747557044
47.0 60.3916098959744
51.0 59.02178683504462
21.0 39.4901529494673
52.0 46.12017354927957
54.0 45.4425834286958
77.0 44.281481228768826
66.0 44.35534820891917
54.0 22.08761361334473
41.0 32.06707589048892
82.0 61.58789186552167
75.0 48.58715832978487
68.0 32.372853960841894
51.0 51.89300891198218
61.0 54.75164366140962
31.0 51.29446280002594
62.0 43.07217441126704
28.0 45.679428504779935
77.0 58.74531434290111
75.0 53.84978153370321
38.0 37.21518827602267
60.0 34.24069039709866
69.0 33.82009193394333
71.0 71.01841587200761
38.0 45.27131658419967
80.0 58.62910755909979
50.0 37.528974045068026
87.0 66.08441756479442
3.0 51.62104910053313
56.0 32.86348655261099
85.0 47.20083396695554
58.0 33.340869599953294
56.0 44.896346922032535
42.0 47.788358522579074
60.0 47.88106980919838
0.0 70.56231634691358
58.0 40.54093209467828
75.0 45.27080634608865
57.0 55.79423713311553
26.0 48.05059582926333
31.0 47.07911958731711
45.0 51.82846342027187
67.0 48.85130870714784
60.0 39.390228601172566
64.0 31.877018275670707
51.0 62.19136579334736
57.0 23.95246679894626
56.0 60.256851091980934
50.0 53.26807259954512
76.0 48.47241408377886
57.0 55.72941730171442
65.0 49.03273721598089
82.0 56.342430813238025
41.0 28.94841517135501
53.0 40.572340272367
61.0 57.43553776293993
59.0 46.30648934561759
44.0 44.009526604786515
52.0 52.2675244435668
34.0 34.26895025372505
50.0 60.05547134578228
47.0 32.43477112520486
45.0 50.21445179916918
42.0 39.86962557025254
70.0 36.83433647453785
81.0 33.08693385589868
31.0 37.87269465904683
42.0 48.47226318530738
16.0 44.15919071435928
30.0 50.4803132545203
80.0 45.13426687940955
63.0 44.03292277082801
45.0 33.587545117363334
61.0 46.24033688753843
13.0 41.10665015690029
23.0 44.238417219370604
46.0 54.43222262151539
51.0 39.230178193189204
70.0 48.16861245967448
79.0 54.27905088849366
32.0 41.76765263080597
68.0 33.97603999450803
76.0 68.21891465969384
16.0 53.642661383375525
26.0 41.68120645917952
52.0 48.067273987457156
73.0 59.166979460045695
45.0 43.701761519536376
73.0 49.19764734245837
44.0 52.07901282608509
38.0 55.215891348198056
69.0 44.15646659955382
44.0 49.43841485865414
14.0 55.64723498933017
62.0 66.20962064526975
76.0 52.83414766564965
74.0 49.467257449403405
46.0 30.232171482406557
1.0 47.8498710244894
51.0 39.11263323109597
81.0 59.73572392202914
31.0 34.90792161785066
56.0 40.99416668154299
63.0 68.08419670537114
40.0 53.33533978648484
58.0 54.57463771477342
78.0 25.639944502152503
69.0 40.675801188685
92.0 61.14396334066987
18.0 52.527056474238634
24.0 51.65758422575891
64.0 44.87167111411691
52.0 27.389741502702236
35.0 63.89512274041772
49.0 47.11212498322129
33.0 39.354078928008676
63.0 44.79352221079171
27.0 39.00440227612853
69.0 46.13623312860727
27.0 58.19887739047408
36.0 36.474750166758895
54.0 58.68369604460895
26.0 36.090427385643125
5.0 38.2764989528805
58.0 41.28612330555916
52.0 40.131612345576286
62.0 44.05403641983867
35.0 41.69119118899107
66.0 61.47131140064448
8.0 59.24922682531178
66.0 48.028690034523606
77.0 56.08224972896278
14.0 71.84758441150188
62.0 54.7998784314841
48.0 39.21898209117353
31.0 44.355345111340284
59.0 39.228776482865214
34.0 34.34864501282573
20.0 35.492214624769986
52.0 38.38835225813091
24.0 39.95018669217825
51.0 42.30240454338491
20.0 44.20266771875322
70.0 47.647213665768504
63.0 43.37714969366789
57.0 47.08813640475273
42.0 55.8707158267498
23.0 54.66150288283825
36.0 63.708392176777124
63.0 57.34425291605294
43.0 66.17470989190042
53.0 45.35446506738663
54.0 51.18481985665858
48.0 26.219164822250605
64.0 43.25653357617557
41.0 44.32749010249972
63.0 37.72267513722181
38.0 67.11130692064762
58.0 45.35080825723708
57.0 52.17680290713906
0.0 53.17408343218267
46.0 56.36100701801479
60.0 49.1649515889585
7.0 34.722929924726486
56.0 50.575034748762846
49.0 56.27922938577831
54.0 51.90464816428721
59.0 46.34786267671734
43.0 54.58952995017171
66.0 59.975039914250374
7.0 44.18302578385919
48.0 59.9821664057672
63.0 50.215282425284386
60.0 43.17677575349808
49.0 22.10919193085283
1.0 58.02280349098146
43.0 48.711666107177734
69.0 70.95640818588436
55.0 39.63508102670312
58.0 66.21305521577597
13.0 33.65466779470444
87.0 80.53850427083671
52.0 33.963257250376046
27.0 40.51798599772155
63.0 44.933133536949754
42.0 41.46062007546425
27.0 45.584148943424225
17.0 45.72635557502508
8.0 43.41566318832338
51.0 68.61752713099122
60.0 47.80935671553016
62.0 59.975495245307684
18.0 41.69261286128312
53.0 53.74244501069188
62.0 32.186665531247854
16.0 64.75790247879922
48.0 44.18291070125997
72.0 35.905865740031004
55.0 51.93067907169461
60.0 56.54238956607878
65.0 56.285329384729266
71.0 55.127148911356926
32.0 40.72675918415189
45.0 51.24110973998904
70.0 40.41204956360161
38.0 34.107049614191055
58.0 52.3903284650296
49.0 47.14324989914894
31.0 61.454274743795395
60.0 55.75419853068888
3.0 46.50910859555006
54.0 50.590376537293196
36.0 61.634737364947796
77.0 49.76813983172178
77.0 48.71050496213138
26.0 44.29661172255874
66.0 40.91906364727765
46.0 43.97612568549812
54.0 45.56981394998729
56.0 67.765454813838
56.0 41.22342306561768
27.0 45.43592886440456
87.0 57.3728950265795
61.0 38.55402507446706
86.0 55.95809870585799
77.0 60.15604490600526
54.0 47.225397285073996
45.0 30.116386531852186
62.0 52.963838098570704
57.0 41.168672455474734
58.0 39.33097549341619
33.0 54.15113835968077
56.0 48.311566641554236
58.0 60.898356921970844
44.0 29.298025293275714
48.0 43.50224045943469
22.0 46.2938334364444
55.0 32.29326438438147
55.0 50.27197323180735
76.0 29.454449677839875
51.0 37.036487620323896
66.0 43.46583128068596
0.0 53.66956934146583
63.0 49.40830994769931
61.0 54.56740772910416
37.0 39.68763359636068
63.0 32.19515779707581
55.0 38.18081521987915
50.0 61.42311910353601
34.0 51.38411964662373
6.0 49.124526711180806
33.0 56.173165023326874
61.0 35.94339883700013
0.0 54.791244961321354
46.0 48.75094013288617
73.0 45.52710681036115
22.0 52.249971522949636
64.0 47.26453997474164
36.0 45.01374663878232
48.0 43.63061031606048
69.0 38.06613258831203
10.0 63.14335886947811
85.0 55.26399878039956
53.0 55.19419113919139
53.0 47.447198836132884
56.0 23.064943516626954
41.0 34.70269033871591
41.0 41.517048420384526
2.0 58.667261090129614
39.0 48.01367268525064
82.0 36.07579079270363
55.0 34.532312516123056
68.0 61.783429980278015
70.0 36.479429443366826
51.0 44.421269870363176
78.0 51.980476351454854
47.0 65.10815563797951
35.0 50.103411169722676
55.0 43.9168963348493
50.0 56.81969452649355
30.0 45.88069610763341
24.0 33.35359030496329
63.0 56.354088708758354
47.0 45.09287356212735
53.0 46.41967807337642
65.0 42.29690486192703
16.0 49.462393403053284
76.0 37.346838880330324
34.0 38.31700149923563
65.0 63.69111469760537
48.0 41.77002133987844
31.0 50.42376775294542
54.0 44.36032102815807
58.0 44.2691605258733
6.0 54.589819902554154
60.0 37.94396112859249
47.0 49.30138847231865
60.0 43.027064649388194
36.0 53.66271310299635
2.0 33.07433353550732
44.0 42.31912810355425
42.0 43.283083736896515
0.0 45.48902426101267
66.0 49.998086865991354
65.0 53.531196128576994
62.0 47.526606461033225
39.0 43.827385703101754
69.0 32.38966699317098
58.0 39.85972588323057
30.0 38.93116235546768
9.0 45.53981491550803
67.0 47.117876371368766
60.0 49.114281645044684
58.0 46.97921874374151
69.0 44.02784310095012
52.0 39.91951703000814
42.0 50.535027081146836
27.0 33.443467846140265
59.0 38.62893329747021
1.0 45.1987853590399
40.0 63.43958600051701
32.0 58.912586165592074
32.0 54.432935673743486
57.0 49.6002737917006
51.0 58.00818993151188
8.0 58.16605707257986
56.0 42.12487596087158
77.0 68.68143456801772
52.0 42.73826180025935
61.0 62.640620274469256
48.0 46.1831832062453
51.0 49.45617129839957
63.0 55.021194245666265
67.0 59.64483555778861
41.0 52.898771725595
38.0 42.71349163912237
66.0 49.97769118472934
22.0 39.7780495993793
44.0 59.411000188440084
47.0 65.09289560839534
45.0 51.78997042775154
47.0 39.700630405917764
36.0 45.6431212220341
64.0 36.766903990879655
45.0 53.93234706111252
42.0 48.90088573098183
52.0 45.25484777241945
72.0 55.81000705808401
70.0 51.14755481481552
75.0 43.763923964463174
34.0 58.44924478419125
50.0 53.39975193142891
65.0 52.637859001755714
51.0 31.46016250923276
51.0 43.21507067512721
85.0 39.843262740410864
72.0 51.02252631261945
79.0 62.38902595080435
77.0 52.53640559595078
93.0 51.4647791236639
41.0 60.23893189802766
55.0 49.53023075312376
53.0 45.88990958593786
10.0 39.87170641310513
54.0 31.179759099148214
71.0 44.418031309731305
38.0 51.05151284299791
14.0 49.687999652698636
63.0 63.5269286967814
71.0 57.06693631783128
81.0 44.44015795737505
39.0 42.3496580068022
61.0 32.89738576486707
0.0 30.3319847388193
54.0 44.354305036365986
35.0 35.76109416037798
21.0 52.01033092290163
3.0 40.443750316277146
74.0 47.06647215411067
55.0 22.96715853177011
77.0 52.92179015651345
29.0 59.43529910594225
77.0 55.221040033735335
75.0 42.76062666345388
66.0 41.80890131369233
40.0 43.970255963504314
47.0 58.70002997107804
18.0 57.46718966960907
14.0 48.75718252360821
17.0 51.19961320981383
23.0 40.85729165375233
77.0 46.5040850546211
37.0 30.613865116611123
51.0 52.48671590164304
50.0 68.23551109619439
52.0 47.55742922797799
44.0 47.196791633963585
55.0 34.66021491214633
34.0 40.91151477769017
52.0 47.53126122429967
46.0 64.58323364518583
58.0 53.28090336546302
53.0 41.15657110325992
50.0 46.05528296343982
79.0 55.213292721658945
43.0 33.58339833840728
54.0 56.52256828173995
10.0 27.088039020076394
41.0 46.445619981735945
44.0 53.62339147552848
87.0 81.64880564436316
54.0 62.38288358412683
53.0 45.81434711441398
48.0 56.72234158217907
37.0 41.13915213383734
72.0 56.2787226177752
70.0 67.47258316725492
4.0 40.464815156534314
49.0 52.505406726151705
70.0 65.21372068021446
63.0 45.523780511692166
60.0 58.13701005652547
57.0 42.15391218662262
40.0 50.67833345010877
43.0 62.17078415490687
41.0 50.275086977519095
78.0 58.59075730293989
53.0 46.780577827245
35.0 51.93591369129717
64.0 44.5532850055024
71.0 45.269173700362444
78.0 38.70446090772748
64.0 56.22460907883942
69.0 28.039521627128124
41.0 37.14399164263159
53.0 48.72339710406959
3.0 53.45863300189376
75.0 49.9494169857353
53.0 36.911805706098676
63.0 55.67520283535123
48.0 39.91082061640918
38.0 58.67659233696759
62.0 51.414584847167134
73.0 42.52798568084836
60.0 36.96709517389536
40.0 42.711811020970345
59.0 51.64794691093266
81.0 45.05607449822128
62.0 35.08296319190413
56.0 45.927888449281454
52.0 45.129411067813635
46.0 54.36683933250606
67.0 34.668298470787704
0.0 37.816452597267926
7.0 49.06003072485328
66.0 60.08984686806798
66.0 62.13917205482721
67.0 33.14446242246777
70.0 37.88207957986742
70.0 64.9385724067688
70.0 42.82546360138804
68.0 47.24407050292939
11.0 64.75811732187867
65.0 46.76497581601143
36.0 55.482417210936546
36.0 34.5626691095531
58.0 49.47660444304347
58.0 37.233521873131394
67.0 51.98305184952915
67.0 57.725138453766704
55.0 37.473324716091156
37.0 49.7513616476208
52.0 38.726486939005554
60.0 49.263712864369154
44.0 61.06016354262829
19.0 49.59911749511957
3.0 42.53560241125524
12.0 42.444334203377366
25.0 45.305503878742456
50.0 50.74731637816876
0.0 45.206815741956234
63.0 55.351864686235785
65.0 45.62895471043885
64.0 46.65602225624025
79.0 38.824600731022656
46.0 55.920401595532894
46.0 49.680278956890106
23.0 39.164383759722114
21.0 56.00365864112973
79.0 46.01069154776633
49.0 45.024531757459044
54.0 51.581614619120955
70.0 50.25848589837551
44.0 54.032985934987664
70.0 45.48351240623742
40.0 60.51803991757333
82.0 54.55985683016479
1.0 55.369750525802374
69.0 59.330755636096
57.0 56.75325754657388
67.0 36.44362125173211
72.0 57.38119385018945
2.0 33.60635829810053
44.0 49.131014972925186
74.0 54.29230547323823
64.0 51.987135753035545
33.0 41.873509461060166
29.0 40.83143202587962
19.0 67.73633095994592
45.0 48.33438217267394
41.0 46.28246491961181
27.0 47.89111124817282
47.0 49.195691058412194
48.0 57.58416638337076
54.0 38.54776781518012
56.0 61.7812476195395
76.0 41.50054794177413
94.0 57.60673958808184
5.0 45.54489204660058
51.0 42.0513303373009
59.0 56.902672957628965
60.0 46.43015571497381
64.0 49.92766083218157
69.0 54.43632682505995
60.0 43.7889359863475
30.0 62.82225122861564
82.0 32.49974157847464
15.0 42.61782010085881
9.0 26.48689947091043
49.0 63.07841378636658
56.0 57.428397320210934
41.0 53.393871830776334
41.0 39.857160871848464
49.0 49.02816431038082
54.0 59.13150787726045
47.0 52.28723082691431
44.0 54.19084860291332
60.0 51.15278791077435
48.0 45.69678543601185
49.0 60.42213338240981
75.0 37.78304259851575
62.0 43.41851709038019
52.0 64.60203447192907
47.0 53.69052369520068
66.0 41.73964153788984
49.0 70.08755211345851
74.0 36.88008314277977
23.0 34.188768529333174
44.0 61.01082680746913
61.0 40.9716953150928
69.0 43.68026675656438
66.0 48.1919772233814
55.0 39.817088237032294
62.0 43.15275510773063
51.0 63.13859469816089
63.0 61.28038298711181
2.0 32.3611306194216
42.0 44.84876465424895
49.0 53.22357779741287
66.0 81.52396278455853
63.0 43.15184539463371
18.0 40.23781901411712
23.0 46.62499861512333
54.0 39.84356820117682
13.0 58.389164965599775
16.0 59.55212364718318
41.0 63.12222518399358
77.0 59.38365323282778
70.0 29.87980453390628
43.0 38.64767035096884
24.0 41.41377581655979
51.0 42.889062374830246
79.0 60.57607389613986
43.0 48.56969630625099
39.0 43.25680039264262
47.0 59.55598087608814
44.0 40.07904497720301
66.0 48.875131914392114
83.0 66.24496714957058
68.0 63.408305644989014
59.0 59.167942667379975
69.0 66.53792917355895
27.0 35.20153765100986
67.0 45.9333178140223
85.0 66.45208589732647
70.0 35.168734239414334
44.0 65.19237886741757
6.0 42.763388232328
50.0 52.1391930244863
23.0 39.86802662163973
23.0 72.82387917488813
41.0 58.92257206328213
40.0 51.43774579837918
50.0 62.91846163198352
58.0 49.33006520755589
64.0 39.75935148447752
66.0 58.997597543522716
27.0 68.29190986976027
23.0 45.580638628453016
37.0 46.144075801596045
17.0 53.24961412511766
73.0 45.189800933003426
51.0 28.23662461526692
35.0 42.18726300448179
48.0 49.643908673897386
56.0 38.31531053036451
56.0 47.16099586710334
66.0 23.159459674730897
66.0 35.58639077283442
36.0 58.53427458181977
49.0 48.53316764906049
61.0 38.49704096186906
14.0 40.868678418919444
44.0 42.81762727256864
1.0 44.602658732794225
61.0 49.219269674271345
72.0 42.536035446450114
53.0 40.06723077874631
70.0 47.89730756729841
11.0 31.004999918863177
74.0 54.35835504159331
47.0 53.05732838436961
41.0 61.83490958251059
74.0 53.92514807917178
61.0 40.62549144029617
56.0 71.46865822561085
59.0 52.526524817571044
18.0 51.68394195102155
51.0 45.67917316313833
75.0 49.700401635840535
45.0 40.29738896526396
60.0 28.139170392416418
8.0 51.92897415347397
12.0 48.7407662011683
62.0 71.50098042190075
92.0 58.207030115649104
68.0 41.66251444630325
59.0 38.873095877468586
54.0 56.64193471521139
88.0 88.68073082715273
24.0 54.94674518331885
14.0 47.1935111861676
45.0 35.972687737084925
62.0 53.83439201116562
46.0 63.617452312260866
0.0 39.45732329878956
49.0 33.897196697071195
78.0 35.29150178283453
43.0 73.1357019469142
0.0 36.214715326204896
71.0 43.956224236637354
26.0 58.037089206278324
75.0 43.446300368756056
48.0 36.36107042618096
81.0 52.19891866855323
68.0 38.71120001189411
58.0 35.08818029612303
60.0 47.41232360340655
20.0 48.01939352415502
55.0 56.79214793257415
39.0 45.10879212897271
51.0 44.94555201381445
63.0 43.51303069293499
12.0 50.572669088840485
53.0 44.92865916714072
0.0 44.35659024491906
86.0 49.073276383802295
42.0 50.934857454150915
70.0 58.52056507766247
52.0 42.97589909657836
58.0 72.17195660993457
54.0 49.30609539244324
46.0 27.737655048258603
74.0 66.09848489612341
2.0 44.25883832015097
70.0 62.39427523035556
53.0 43.39334246702492
46.0 59.76374759525061
34.0 40.2502044737339
47.0 42.472904628142715
69.0 72.91305445320904
69.0 65.93149480223656
57.0 39.206613461486995
64.0 53.731877707876265
54.0 33.4939923863858
82.0 75.87596240267158
35.0 64.67195956408978
29.0 68.61715527251363
80.0 49.67882091086358
0.0 70.61076257377863
69.0 46.97490209341049
19.0 51.56836992688477
62.0 50.26956578344107
63.0 42.424525695852935
66.0 64.51866917870939
47.0 56.56297612376511
41.0 52.69833107665181
67.0 45.29599246755242
63.0 38.76667886413634
40.0 50.84945157542825
12.0 25.204951559193432
47.0 46.736277060583234
7.0 41.13999107852578
43.0 41.16981021128595
47.0 42.60114245302975
42.0 56.47611150890589
55.0 52.64024019986391
60.0 58.906645968556404
45.0 43.9191166292876
61.0 31.46135962754488
14.0 54.901114854961634
44.0 45.39213000237942
55.0 52.669196147471666
58.0 59.7583174649626
77.0 55.380929151549935
56.0 41.62233760021627
57.0 55.773586589843035
38.0 45.067103173583746
38.0 50.73309323377907
48.0 53.40066444501281
52.0 66.78425401076674
51.0 49.4822624726221
48.0 34.91091895289719
69.0 43.73762767203152
64.0 46.42936660442501
63.0 43.59139787219465
29.0 50.82657423429191
1.0 62.447881208732724
49.0 58.18403569236398
38.0 36.038838376291096
49.0 56.2374283503741
58.0 37.62555397860706
43.0 51.0590507350862
61.0 67.3809360973537
38.0 41.81465170532465
45.0 35.46132580097765
37.0 43.718835562467575
33.0 56.17755211144686
42.0 43.96154315210879
63.0 63.35424782335758
37.0 36.541015402413905
57.0 34.004075397737324
50.0 68.02550338581204
59.0 64.0664805881679
46.0 43.983126922510564
70.0 47.57894731219858
51.0 45.67120844963938
48.0 39.62875931058079
65.0 38.804345201700926
87.0 46.56295093148947
16.0 53.886556341312826
8.0 40.38763105869293
31.0 38.60279729962349
46.0 47.82987531833351
55.0 65.28135288506746
9.0 64.6971476636827
75.0 41.592000437900424
69.0 52.56317352503538
62.0 37.793905137106776
34.0 36.52699752151966
47.0 41.471676947548985
68.0 58.220761459320784
66.0 56.26527066901326
39.0 54.42668864876032
67.0 55.31998263951391
55.0 52.4185772780329
42.0 54.15380040369928
27.0 47.56985580921173
69.0 42.79826591536403
68.0 59.51485604047775
77.0 52.47728405147791
46.0 47.42592910397798
51.0 35.36938653700054
23.0 50.44813396781683
78.0 56.50976532511413
56.0 38.15988080389798
33.0 49.206562926992774
62.0 51.300269034691155
54.0 61.980982502922416
0.0 53.94297793880105
43.0 31.627928433939815
63.0 46.929086454212666
40.0 40.171905647963285
77.0 45.67965913750231
44.0 60.779985290020704
54.0 41.83597032632679
71.0 50.59423191845417
43.0 56.88812002539635
38.0 43.21650082990527
29.0 44.199203707277775
49.0 55.936229610815644
2.0 41.62812389526516
11.0 25.25190552510321
55.0 51.67266531288624
42.0 64.96289725415409
54.0 51.28354153782129
29.0 47.328189915046096
57.0 43.6440769508481
50.0 47.513033169321716
64.0 32.30563728697598
30.0 40.91838143020868
60.0 52.369424470700324
58.0 48.76135293580592
63.0 65.4744254462421
69.0 42.41145804896951
17.0 63.48926092684269
50.0 38.80632871761918
56.0 69.07433554530144
59.0 58.106866794638336
53.0 60.001328621059656
62.0 40.44717068783939
74.0 49.03918871842325
42.0 58.13671474158764
57.0 46.707981606945395
45.0 34.33870118111372
69.0 41.082039615139365
2.0 41.93250693567097
72.0 46.55476567335427
48.0 55.00452781096101
61.0 44.49175608716905
24.0 39.74373183771968
71.0 44.982983998954296
73.0 49.64455387368798
75.0 44.54804659541696
32.0 40.35687356814742
81.0 48.27406509593129
51.0 49.82939371839166
48.0 51.717682318761945
53.0 36.7888200879097
56.0 47.76498430594802
27.0 29.794369120150805
40.0 47.585414066910744
49.0 50.167286925017834
40.0 34.37697088625282
49.0 45.43005551956594
63.0 73.32429301925004
53.0 36.701239770278335
58.0 43.70512004941702
69.0 54.698141703382134
38.0 49.01288524642587
47.0 73.11033863574266
78.0 66.85585922189057
47.0 53.666588954627514
67.0 68.84907746315002
33.0 32.645685493946075
42.0 70.12646452710032
39.0 39.67332320846617
74.0 59.176292203366756
29.0 55.16192081198096
24.0 40.862894497811794
64.0 47.41748705506325
5.0 39.51495888270438
60.0 40.285263154655695
68.0 52.36068183928728
49.0 50.08241179957986
48.0 64.2781042009592
54.0 42.242075144313276
77.0 44.4619100317359
39.0 51.47948978841305
89.0 49.48977958969772
11.0 44.32603705488145
49.0 28.622842526063323
32.0 54.1574956998229
53.0 30.550752085633576
50.0 64.94359747506678
44.0 52.14496681652963
63.0 72.57911573164165
33.0 49.536873783916235
46.0 63.02686221152544
62.0 52.54519328661263
43.0 34.13009495474398
57.0 45.612139120697975
52.0 44.641971949487925
81.0 54.9229656662792
61.0 54.564810771495104
15.0 51.036821668967605
52.0 45.99602939374745
66.0 59.81150592304766
62.0 63.17266211472452
56.0 68.89203796163201
48.0 28.50804776325822
37.0 47.82084738090634
56.0 49.61869891732931
5.0 54.78767847083509
8.0 40.36033648811281
43.0 29.843861711211503
72.0 35.09081483632326
49.0 30.76493450254202
75.0 67.89403304643929
52.0 47.04658774100244
60.0 37.625858628191054
39.0 50.51172127760947
20.0 29.053621150553226
64.0 52.52186614461243
34.0 60.52884913608432
59.0 57.673732083290815
54.0 45.33034102059901
55.0 39.351276284083724
61.0 43.16652291826904
72.0 39.43139795958996
52.0 38.479831075295806
54.0 51.40846730582416
65.0 62.867478247731924
44.0 30.814801236614585
66.0 62.60461900010705
60.0 47.0297763440758
72.0 40.26963931694627
64.0 58.98364938981831
81.0 62.48801700025797
6.0 54.08023669756949
27.0 55.366216296330094
51.0 51.072210220620036
79.0 64.70922136493027
61.0 42.5443772058934
61.0 40.33950649295002
67.0 58.97986033372581
58.0 34.89118958450854
45.0 42.68257023021579
1.0 49.83224565908313
39.0 75.30742783285677
63.0 33.56815353035927
34.0 46.384271869435906
67.0 35.51762136258185
60.0 69.26742761023343
10.0 55.759394550696015
11.0 45.61243942566216
40.0 39.159255377948284
1.0 37.25005934946239
67.0 62.344254326075315
0.0 50.482728872448206
63.0 56.485566249117255
55.0 41.02178465947509
54.0 38.667379229329526
39.0 42.62458107247949
57.0 45.15426358021796
5.0 43.579322181642056
0.0 46.36123896762729
36.0 41.77245108410716
37.0 41.55857619456947
71.0 65.36854453384876
65.0 58.58800412714481
57.0 58.75341116450727
23.0 49.184428898617625
63.0 40.7631211867556
34.0 63.65507211908698
41.0 38.48519325256348
65.0 33.01379959285259
59.0 67.82666370272636
47.0 60.18671845085919
58.0 45.172162253409624
68.0 47.67646115086973
40.0 55.195144925266504
56.0 49.30829287134111
42.0 48.7700273077935
61.0 29.599937481805682
0.0 54.051847064867616
50.0 46.74789009615779
53.0 40.5921463528648
40.0 59.259134121239185
45.0 49.2720069475472
56.0 40.05125394370407
35.0 32.745489632710814
76.0 37.78547378629446
60.0 49.88652175478637
47.0 49.8056402169168
40.0 54.03715077973902
48.0 61.59853066876531
68.0 54.61448887363076
67.0 52.7275567734614
54.0 55.66293289884925
0.0 46.90323188714683
66.0 46.24098193831742
60.0 51.01189351733774
7.0 39.06140051223338
0.0 40.722928947769105
11.0 61.991993349045515
64.0 52.17373983003199
56.0 45.98513909056783
15.0 51.441377859562635
61.0 72.82355012372136
52.0 54.355459947139025
72.0 58.52962823957205
39.0 43.65670309122652
25.0 35.887939997948706
53.0 33.86379028018564
39.0 54.80363065935671
24.0 62.007737789303064
58.0 42.10478925332427
27.0 46.468162301927805
46.0 32.25879009626806
0.0 55.41041976027191
57.0 47.11949970014393
71.0 38.93019909411669
39.0 39.63428663648665
44.0 42.873345881700516
63.0 55.140536081045866
47.0 47.94992339704186
2.0 58.14013125002384
84.0 58.98755827173591
56.0 45.04784775432199
58.0 39.03640403598547
17.0 41.69827288761735
34.0 60.01225874759257
1.0 66.62697284854949
1.0 48.58506128937006
0.0 43.09308771416545
67.0 52.56275270693004
55.0 50.07202059216797
26.0 39.719600262120366
68.0 26.05712099466473
64.0 55.79567824769765
71.0 49.74911674577743
53.0 58.187190763652325
70.0 34.08055241778493
63.0 33.68644644226879
54.0 57.862250896170735
61.0 52.777326276525855
45.0 49.67832849919796
2.0 38.353063341230154
53.0 49.80177511367947
42.0 42.07445199228823
62.0 51.12758094444871
51.0 50.70935243740678
16.0 50.722720936872065
66.0 47.1988882496953
66.0 36.662457689642906
42.0 31.97074481099844
59.0 58.64489505253732
52.0 43.01639345474541
75.0 32.78743008244783
68.0 59.47233723476529
92.0 58.81948979757726
57.0 50.63405492529273
74.0 47.30029661767185
65.0 36.189294416457415
46.0 51.664884894154966
52.0 55.50476441718638
62.0 38.619189099408686
72.0 56.56246876344085
63.0 56.08942458964884
46.0 44.83186919055879
36.0 45.26244602538645
66.0 42.14954203367233
60.0 44.05429169163108
37.0 46.146383825689554
63.0 29.222809057682753
55.0 53.25162463448942
56.0 53.72192496433854
44.0 47.42276433482766
65.0 43.38502395898104
77.0 49.71887957211584
62.0 44.34641706291586
38.0 37.477266752161086
40.0 56.53733605518937
59.0 28.55304993223399
33.0 39.07140453159809
55.0 53.98715703189373
60.0 51.98848406597972
2.0 41.592061733826995
30.0 39.046459931880236
30.0 45.5100769829005
43.0 69.64171659760177
49.0 56.395914390683174
69.0 41.18312584236264
84.0 62.454866260290146
48.0 47.489513263106346
29.0 37.72068869881332
56.0 67.58298007398844
47.0 47.0202756524086
58.0 41.06110444292426
55.0 53.704659435898066
71.0 50.124647215008736
60.0 22.906491240486503
82.0 49.26232201233506
64.0 49.45831765793264
36.0 37.590593511238694
36.0 46.381588784977794
54.0 30.068335531279445
77.0 41.71807874087244
59.0 57.14942599646747
41.0 29.397029787302017
57.0 33.024599459022284
61.0 41.210314966738224
52.0 52.160061705857515
20.0 31.70761402975768
53.0 45.596393486484885
26.0 54.36683381348848
47.0 50.65052302181721
63.0 41.38151715323329
6.0 44.07114523462951
76.0 49.64319571945816
13.0 42.66297053452581
54.0 60.816314244642854
57.0 50.85912190377712
35.0 40.939511246047914
47.0 58.30309937149286
28.0 37.49016057141125
22.0 59.941228434443474
63.0 55.333232225850224
84.0 49.7517762389034
24.0 57.13113119266927
16.0 40.44006249681115
73.0 47.1703985799104
68.0 41.18740979023278
46.0 60.21494520455599
55.0 53.89641207456589
52.0 59.99703910946846
44.0 61.136639062315226
84.0 60.23162505403161
50.0 68.92145074345171
56.0 43.16761438921094
72.0 42.86424630507827
41.0 40.86577772162855
67.0 51.12546318862587
52.0 55.81708590872586
44.0 38.74117177538574
96.0 50.193546529859304
64.0 38.63934527337551
47.0 54.869434973225
52.0 37.47016442660242
71.0 47.46317270305008
46.0 51.64835100620985
59.0 53.00766888540238
65.0 36.72690259292722
71.0 53.832158003002405
79.0 51.09822154417634
77.0 36.15002082847059
76.0 62.60918251052499
68.0 35.71220305748284
39.0 40.43686602823436
73.0 43.70667499303818
67.0 37.48516406677663
39.0 62.52563118562102
90.0 54.90012889355421
63.0 54.04784976877272
35.0 28.203301841393113
60.0 39.003458481281996
73.0 43.22219071723521
21.0 50.60690076649189
18.0 38.67170497588813
7.0 37.76790924184024
57.0 78.12861789762974
61.0 50.03245581500232
1.0 41.4486986650154
57.0 52.45424310490489
53.0 51.87772564776242
58.0 44.89364206418395
67.0 64.32449078187346
77.0 63.28471910580993
54.0 37.3471394199878
56.0 73.1389256939292
42.0 45.04935584589839
36.0 32.09483350068331
61.0 30.376071604900062
76.0 58.24262190237641
33.0 42.008585318923
25.0 37.5075593739748
59.0 34.398679298348725
64.0 50.583629908040166
68.0 70.40268076583743
58.0 41.08139923773706
71.0 41.6626778608188
8.0 34.50286045856774
72.0 55.13251723535359
17.0 44.46654346771538
74.0 66.09951446577907
23.0 43.99488686583936
67.0 42.447297314181924
82.0 61.26420692354441
58.0 69.50274774990976
0.0 52.965256778523326
41.0 26.824101148173213
8.0 51.33851405419409
77.0 60.4457624014467
44.0 27.40057640336454
65.0 59.05505485460162
25.0 49.83285214006901
72.0 45.96285994537175
66.0 40.82549277320504
65.0 55.762524995952845
71.0 34.44015408679843
48.0 40.49543469958007
19.0 50.73695859871805
76.0 42.30528188869357
18.0 35.30669262446463
54.0 43.959429590031505
59.0 50.45124580152333
1.0 67.38253657706082
83.0 53.770133355632424
32.0 42.81173796206713
80.0 37.24997038766742
3.0 56.200757678598166
10.0 55.2336545586586
55.0 55.34419785067439
43.0 50.68879567831755
70.0 56.8115230537951
62.0 52.190887343138456
39.0 50.648253194987774
2.0 62.66701569408178
68.0 69.68535478040576
55.0 46.73848906159401
53.0 51.72432551532984
53.0 44.45748330280185
69.0 45.6700349804014
36.0 50.63529594987631
64.0 38.78030646033585
57.0 43.74714149907231
41.0 44.0057437941432
71.0 58.620880192145705
31.0 44.31370874494314
58.0 67.64171951264143
62.0 45.680645634420216
53.0 48.544082537293434
22.0 74.85689187422395
14.0 44.803217984735966
48.0 28.520521400496364
77.0 44.74327585287392
0.0 46.552163830026984
53.0 37.207681119441986
18.0 30.053164754994214
64.0 25.45223847590387
79.0 57.730822989717126
64.0 57.5230819536373
65.0 46.403187872841954
55.0 41.13775347918272
86.0 57.319462198764086
72.0 50.95448147505522
60.0 49.58709549717605
47.0 47.00319340266287
48.0 35.27598925679922
60.0 63.842463156208396
30.0 49.18870933353901
58.0 46.93992869183421
49.0 53.39121933281422
60.0 34.97512309998274
66.0 43.34140054695308
51.0 50.28134165238589
50.0 53.933158330619335
24.0 44.48523090966046
84.0 76.33344832994044
62.0 33.58198209665716
49.0 45.814300218597054
58.0 55.862988382577896
38.0 54.91129797510803
66.0 61.21634780615568
51.0 31.791503880172968
67.0 68.61344293877482
38.0 48.929985826835036
36.0 30.895413797348738
5.0 47.85042292624712
29.0 32.28365928679705
12.0 70.07714319229126
73.0 63.23298399336636
9.0 57.88135361298919
8.0 44.51105369068682
25.0 37.24990289565176
1.0 37.16143193375319
74.0 36.8266366571188
75.0 42.29442797601223
0.0 51.684642719104886
47.0 60.24535117670894
33.0 53.395548563450575
62.0 51.430825270712376
46.0 43.450402615591884
40.0 35.33986596763134
74.0 49.89582069218159
47.0 48.131774958223104
58.0 37.49789986759424
69.0 56.26434572413564
73.0 50.006238305941224
54.0 69.43441103771329
0.0 63.77246333099902
77.0 45.53353610448539
0.0 61.295252840965986
38.0 47.321658458560705
45.0 54.36451441422105
86.0 63.95366592146456
59.0 37.69959040172398
63.0 60.46621679328382
83.0 56.775077218189836
65.0 48.228497724980116
63.0 50.638639917597175
27.0 43.72797528654337
12.0 44.16853944398463
72.0 63.82636287435889
48.0 48.36002410016954
17.0 44.72742718923837
38.0 59.79951320588589
4.0 40.233626471832395
19.0 42.64717014785856
26.0 41.096201406791806
32.0 28.413514642976224
86.0 51.429270127788186
44.0 56.800409285351634
61.0 59.47949901968241
61.0 51.23612526804209
63.0 46.153749940916896
36.0 51.40151268802583
70.0 41.25427994504571
20.0 42.91625193879008
69.0 59.49097434990108
76.0 50.35740813612938
72.0 54.7571583725512
5.0 36.24434316344559
58.0 42.1812149733305
16.0 48.75975855067372
49.0 35.99716711603105
40.0 51.807840287685394
30.0 33.67295138910413
63.0 46.11209782958031
1.0 28.87283414043486
57.0 50.189269175753
9.0 63.37438992038369
45.0 32.18237413465977
44.0 36.94145690090954
76.0 75.89364112913609
74.0 45.136806685477495
19.0 54.515246042981744
43.0 55.498895866796374
35.0 49.53876151330769
68.0 44.55901847966015
42.0 50.39999722875655
54.0 42.35635988134891
40.0 34.66651259548962
61.0 70.89949546381831
3.0 43.72028070129454
70.0 35.373754661530256
36.0 47.92939875088632
45.0 36.39645501598716
43.0 50.69991795159876
81.0 54.22689398936927
65.0 42.72705141454935
94.0 62.63491208292544
70.0 59.55480953771621
50.0 42.036538259126246
2.0 38.87755118403584
2.0 56.29732846468687
7.0 38.82049355376512
53.0 43.143921395763755
82.0 41.54840980749577
75.0 44.792206255719066
70.0 45.0583248026669
74.0 61.93916705623269
65.0 32.0498317014426
47.0 58.32839880511165
38.0 51.954420609399676
46.0 49.68065977655351
41.0 38.28736338019371
63.0 39.06364254653454
44.0 37.92920004948974
68.0 54.81177870742977
32.0 53.350784400478005
52.0 47.728819796815515
54.0 53.027022579684854
62.0 31.01744744181633
24.0 55.22810711339116
69.0 28.69222158472985
69.0 44.97048764117062
53.0 50.24869643896818
77.0 52.78404753468931
21.0 33.12834897451103
58.0 50.3786559086293
49.0 48.432243555784225
12.0 34.88939233310521
52.0 56.57352585345507
52.0 42.7500651627779
55.0 49.14252580329776
55.0 25.102725942619145
62.0 28.77618141192943
60.0 45.231244223192334
58.0 40.64095537457615
79.0 37.4250097963959
50.0 71.03232544660568
55.0 61.45377632975578
36.0 51.520044561475515
45.0 39.711477568373084
73.0 51.05989449378103
62.0 38.020408330485225
56.0 57.007987855002284
77.0 42.08060727175325
75.0 63.260359812527895
76.0 45.72622725740075
45.0 50.820598470047116
52.0 59.873424626886845
53.0 57.664061676710844
59.0 68.270080126822
43.0 38.641929681412876
63.0 70.37162143550813
23.0 48.37824343889952
22.0 58.463575353845954
52.0 50.95614908263087
82.0 49.69018593430519
61.0 62.80914126895368
23.0 46.499296475201845
78.0 55.55405435152352
24.0 45.20604935288429
34.0 50.777073100209236
76.0 41.253138272091746
29.0 40.181971655227244
54.0 35.27126888744533
43.0 57.54308523982763
80.0 61.72872910089791
59.0 27.416084952652454
2.0 39.871184185147285
66.0 44.787448704242706
69.0 63.95987514778972
43.0 33.76501787081361
17.0 44.064252600073814
58.0 50.9761513620615
55.0 54.03469983674586
44.0 47.21209234185517
51.0 46.21476898342371
28.0 35.61232487484813
64.0 57.06332824937999
44.0 33.87254474684596
70.0 52.47896556183696
49.0 25.566803018562496
68.0 33.92638866510242
73.0 45.95650917477906
62.0 35.967540653422475
77.0 34.922651924192905
47.0 57.46348809078336
53.0 40.00630057416856
8.0 47.28358721546829
63.0 57.46315232291818
59.0 55.74543063342571
3.0 40.886024026200175
0.0 37.01192444190383
49.0 62.33093284443021
58.0 38.718553696759045
43.0 47.231358440592885
18.0 47.00097844749689
25.0 51.726448042318225
65.0 48.05568652972579
37.0 43.80342991091311
43.0 55.52776650339365
27.0 57.40598938707262
88.0 68.42145181074739
45.0 44.84132199920714
33.0 59.56591239199042
56.0 64.42187466844916
44.0 54.61588451638818
37.0 33.40286029316485
66.0 50.6094021294266
38.0 35.67447401583195
59.0 49.374825801700354
53.0 45.82390815578401
77.0 52.23876824602485
61.0 48.14250312745571
69.0 42.72081573493779
76.0 53.55859933048487
88.0 66.87855229154229
34.0 48.63451490551233
66.0 37.32791175227612
13.0 47.40500828716904
75.0 35.34557599853724
61.0 54.185381539165974
45.0 55.50672162882984
55.0 51.637285647913814
74.0 41.204303725622594
29.0 21.739761918783188
71.0 37.58077780902386
0.0 59.67978083901107
22.0 44.03296164050698
52.0 57.32379522360861
43.0 47.8828553520143
31.0 40.501508636400104
2.0 34.68652592226863
34.0 46.20112442225218
23.0 42.761673018336296
39.0 39.77344293706119
53.0 63.187117440626025
68.0 52.277249651029706
0.0 33.986387219280005
41.0 38.60905265249312
54.0 55.12557822652161
71.0 43.9409819021821
3.0 35.54197745304555
57.0 38.77782478835434
78.0 62.59668195992708
53.0 48.174112547189
34.0 32.52082241792232
47.0 58.85097769275308
32.0 37.11482726968825
70.0 61.65339914895594
70.0 33.52453235164285
16.0 44.6501426640898
55.0 44.254644840955734
10.0 42.89390280097723
52.0 55.08018843084574
14.0 35.747974494472146
51.0 37.5313360132277
76.0 32.737257450819016
75.0 38.87777813896537
28.0 43.36681681033224
48.0 35.90434927679598
56.0 36.46786791179329
5.0 44.57809795439243
36.0 37.07496116962284
39.0 43.383470670320094
56.0 45.10421844013035
41.0 40.05388806108385
45.0 64.47270340658724
17.0 43.17968947067857
57.0 47.68960605375469
24.0 69.3352316878736
57.0 44.90191978216171
55.0 60.94892560131848
47.0 41.4574809409678
44.0 43.747119340114295
54.0 49.59584344364703
69.0 45.37988392263651
63.0 55.7529838308692
47.0 47.95481681264937
74.0 60.410181948915124
66.0 54.413653841242194
30.0 53.93323881737888
19.0 37.7596703004092
62.0 62.26662789657712
50.0 39.72501188702881
15.0 45.980616038665175
79.0 53.336460856720805
62.0 45.31487167440355
46.0 40.76303684245795
26.0 62.27057683840394
39.0 52.47096595540643
45.0 56.0432754419744
45.0 32.01923235319555
62.0 35.25567501876503
6.0 38.9922044724226
41.0 60.312644289806485
38.0 66.2825040165335
47.0 48.53559659421444
2.0 44.0749370995909
62.0 65.41184895858169
24.0 49.68107551895082
50.0 32.29360605031252
58.0 32.12192669976503
28.0 43.71853196900338
61.0 46.24070418253541
45.0 38.08859777264297
32.0 57.396042639389634
50.0 41.88062201999128
54.0 38.57949632592499
51.0 31.044833295978606
73.0 77.24815817177296
74.0 36.39953326806426
52.0 40.24617654085159
45.0 41.97316767834127
57.0 39.45965816639364
60.0 50.08552522119135
41.0 40.91230328287929
59.0 34.41148377675563
43.0 53.318894477561116
41.0 47.40701605938375
80.0 48.366044379770756
48.0 48.25376013480127
39.0 42.73800711892545
52.0 44.114270094782114
13.0 35.138238281942904
57.0 49.152547309175134
35.0 33.37455217540264
39.0 42.157506700605154
31.0 55.411554196849465
50.0 61.571134470403194
47.0 38.466998622752726
63.0 72.09540483914316
43.0 51.507720310240984
60.0 48.87115821056068
21.0 47.88490755856037
61.0 43.96710650995374
26.0 49.907243667170405
65.0 44.45919540338218
49.0 42.02566184848547
62.0 46.62595902197063
1.0 65.01021986454725
44.0 47.34238972142339
68.0 57.93124660849571
71.0 64.07719714567065
65.0 61.817674186080694
43.0 44.16056623309851
74.0 48.51906864345074
70.0 36.045626509934664
43.0 43.948025738820434
73.0 52.64437100663781
76.0 60.71010464243591
58.0 39.74872135743499
49.0 36.753120973706245
48.0 57.87211844883859
31.0 54.546135721728206
65.0 43.405626291409135
0.0 60.39542054757476
45.0 41.71734539233148
69.0 59.81742565147579
78.0 36.27443592809141
48.0 23.162759049795568
81.0 60.70612594112754
43.0 42.67903408035636
63.0 44.065041303634644
27.0 36.32510132435709
35.0 37.62385692819953
59.0 52.58666136674583
58.0 47.824047207832336
60.0 40.929825158789754
53.0 49.4281580876559
57.0 39.23430655896664
50.0 44.043590381741524
54.0 55.04411195218563
1.0 48.46597752906382
63.0 51.38492753729224
35.0 49.97792925685644
60.0 60.98304507508874
48.0 40.24591740779579
65.0 22.477498347871006
23.0 53.27840378694236
52.0 41.70376723818481
61.0 57.8583299536258
14.0 42.93427248299122
55.0 60.52112024836242
58.0 43.72534145601094
26.0 31.000085211358964
12.0 44.00793290324509
15.0 45.65353067219257
66.0 54.475480146706104
55.0 36.99205996282399
60.0 46.390274384990335
47.0 54.30593276582658
0.0 55.49418698810041
20.0 60.55739591643214
23.0 52.1623003128916
20.0 51.35060412622988
59.0 58.54895072802901
47.0 39.06088388338685
38.0 57.03837881144136
45.0 49.271058935672045
50.0 57.57574408315122
53.0 28.34976198989898
48.0 59.58228415623307
40.0 31.680120334029198
54.0 53.69705527462065
51.0 49.97350309882313
33.0 41.072018317878246
61.0 43.04728659801185
39.0 66.65500215440989
64.0 71.78189705125988
54.0 42.90730512980372
26.0 50.360683215782046
43.0 46.4339119438082
45.0 42.16427940689027
28.0 51.8936463855207
71.0 48.93421477917582
31.0 26.899755330756307
73.0 81.17860506474972
74.0 52.40971958450973
19.0 60.42827742174268
36.0 57.07043048366904
81.0 61.44251900911331
35.0 63.83117277175188
51.0 36.479790499433875
68.0 37.04117726255208
55.0 54.98867478221655
53.0 46.211278188973665
58.0 47.596282467246056
29.0 42.905414431355894
72.0 54.73185356333852
61.0 36.83855000697076
82.0 56.97076886147261
62.0 54.83073402196169
76.0 52.3338733818382
52.0 46.366758178919554
51.0 45.438317423686385
60.0 31.735199950635433
31.0 48.61323802173138
5.0 77.6279812939465
31.0 48.252395023591816
54.0 37.67499786242843
6.0 49.7820860305801
48.0 36.48353858292103
47.0 49.83198669552803
53.0 46.619457956403494
71.0 53.20844708383083
37.0 56.49199983663857
64.0 70.85947070457041
1.0 44.012599752284586
43.0 57.14804550819099
70.0 49.45448390953243
53.0 56.52683215029538
62.0 60.342994049191475
60.0 49.72930924035609
64.0 48.339731335639954
74.0 45.81812628544867
26.0 67.85827416926622
20.0 32.71757306903601
46.0 61.780937725678086
53.0 43.857277292758226
82.0 42.95399562641978
37.0 35.11971438676119
72.0 46.54776964522898
66.0 42.185319256037474
48.0 63.276207793504
56.0 37.73061152175069
53.0 56.15329924970865
73.0 48.14752927608788
77.0 50.97284290380776
38.0 21.33849772810936
33.0 41.57340201921761
82.0 48.88942399248481
45.0 48.647483894601464
64.0 48.67960641998798
61.0 48.42304770462215
64.0 40.246961642056704
63.0 38.76486131735146
64.0 43.48434963822365
61.0 70.67776245996356
38.0 47.88194486126304
39.0 53.36280982196331
60.0 53.76789438165724
44.0 59.06371249631047
30.0 59.827992632985115
43.0 43.65896262973547
50.0 27.949727969244123
58.0 59.18135229498148
33.0 39.924339178949594
69.0 63.646699430420995
65.0 71.64428389444947
70.0 30.976624874398112
73.0 34.45040278695524
2.0 48.84382877498865
25.0 51.248337388038635
89.0 54.23368192464113
30.0 45.663362422958016
40.0 35.9050172790885
55.0 29.635711200535297
61.0 52.75845942273736
67.0 48.77072822675109
2.0 61.46587987244129
46.0 52.7659703977406
73.0 41.88322271686047
62.0 54.17171014286578
55.0 42.05390267819166
0.0 60.03395225293934
47.0 48.02865866944194
54.0 49.30609539244324
36.0 52.4882074650377
52.0 65.24968130886555
55.0 30.268768964335322
37.0 47.739587577059865
46.0 43.23801793344319
43.0 69.3221281785518
44.0 28.185301458463073
54.0 30.968047983944416
34.0 55.13939180318266
28.0 41.07563136704266
6.0 63.54171362519264
54.0 75.66411058232188
55.0 32.87636646348983
68.0 51.23100337013602
68.0 50.505554189905524
29.0 55.89516373537481
55.0 34.94867823738605
52.0 42.47318122163415
25.0 64.81413944251835
68.0 51.51917191594839
45.0 32.65786778368056
60.0 68.51864211261272
67.0 27.903475182130933
44.0 42.931951355189085
19.0 45.804250698536634
37.0 55.69412184879184
32.0 58.54416191764176
79.0 60.707684157416224
41.0 53.03095734491944
83.0 46.02085671480745
6.0 66.96040629409254
70.0 57.22483481839299
44.0 35.20873944275081
14.0 49.68628150969744
0.0 57.59304432570934
41.0 35.473479963839054
49.0 50.8648377712816
42.0 45.007314786314964
36.0 38.224092500284314
51.0 59.85559509135783
37.0 40.180105762556195
36.0 52.53004313632846
41.0 38.68438774719834
69.0 25.54106156527996
85.0 52.0571837387979
58.0 48.060941863805056
70.0 39.531405882909894
75.0 50.43843995034695
33.0 50.34795120730996
60.0 35.07434432581067
70.0 38.13057153392583
47.0 38.85980251058936
33.0 27.3975892579183
16.0 31.44797772075981
7.0 52.35062957368791
56.0 54.34917655028403
59.0 54.4997879602015
38.0 44.68604388460517
42.0 50.30513972043991
59.0 39.69663565047085
67.0 63.112869281321764
61.0 46.27530172094703
16.0 29.855989032424986
27.0 56.115336710587144
63.0 64.10392910428345
53.0 40.35056967847049
73.0 53.98156205937266
66.0 31.12053532525897
32.0 40.07346801366657
58.0 47.150576112791896
78.0 40.51939411833882
69.0 42.394226448610425
64.0 86.32952439412475
54.0 53.87661974877119
22.0 40.033378686755896
39.0 56.428653452545404
36.0 48.350015833973885
6.0 20.164820855483413
63.0 59.934596033766866
28.0 40.731704257428646
16.0 44.24748768657446
15.0 65.62954471260309
53.0 62.61504130624235
44.0 47.9256803188473
70.0 63.98548131249845
71.0 56.03637347370386
76.0 46.4104940649122
38.0 59.49375295639038
20.0 42.36055409628898
64.0 45.09412053599954
41.0 21.11384846456349
37.0 40.94555570278317
51.0 58.168514270335436
39.0 36.19473017565906
12.0 52.613768849521875
65.0 51.62237470410764
36.0 49.51509540528059
4.0 34.93967403192073
55.0 41.380782555788755
1.0 43.697398820891976
46.0 52.94829433038831
32.0 43.807356242090464
93.0 32.84817020781338
43.0 45.557291228324175
23.0 43.334601123817265
37.0 62.916276540607214
26.0 53.47737083211541
34.0 49.112126966007054
48.0 52.85008408129215
47.0 53.7211958989501
50.0 43.34512935671955
26.0 40.54440738260746
55.0 38.537947992794216
15.0 60.78996727988124
70.0 46.2208138667047
52.0 43.64318490214646
54.0 64.0592477992177
48.0 48.512029845267534
54.0 47.643506777472794
57.0 41.31737567298114
60.0 41.14397733844817
77.0 41.15030329301953
61.0 39.89695458859205
66.0 39.81746351160109
5.0 55.81487546674907
52.0 34.60929856263101
57.0 61.337421391159296
58.0 56.727289505302906
86.0 60.40009759739041
59.0 45.415142983198166
12.0 58.65211200155318
32.0 36.531737826764584
29.0 32.04554309695959
44.0 39.64887370541692
1.0 58.91458388790488
70.0 63.60288117825985
65.0 59.73901316151023
42.0 46.90199449285865
0.0 49.64796179533005
43.0 53.617315479554236
60.0 39.8322414662689
64.0 59.174799744039774
56.0 42.89619519095868
40.0 60.7105689458549
78.0 75.51501843333244
72.0 68.20768301188946
80.0 54.83132386393845
45.0 55.12526201456785
45.0 56.432392720133066
24.0 50.029552141204476
56.0 55.27209790982306
66.0 44.65122811123729
54.0 43.08375783637166
41.0 55.1463727876544
59.0 49.92783585190773
32.0 40.80883523263037
48.0 51.269352708011866
42.0 50.659322364255786
60.0 49.49695252999663
52.0 25.117926601320505
57.0 40.443933019414544
23.0 48.25580034777522
57.0 54.77796235866845
52.0 66.0123701095581
88.0 51.82461125962436
60.0 44.393153158947825
0.0 65.55334184877574
36.0 43.83520293049514
46.0 45.71213086694479
49.0 37.42243521660566
65.0 38.68245830293745
8.0 42.068860488943756
61.0 53.6039074966684
42.0 35.80581529159099
29.0 53.40427272953093
61.0 45.22192730754614
49.0 37.08761692605913
54.0 38.346191154792905
41.0 42.6144501324743
21.0 54.082235587760806
53.0 46.104987658560276
35.0 51.53490701690316
52.0 52.56720029190183
60.0 47.06316761486232
63.0 47.52024896256626
51.0 64.92691065557301
65.0 49.61580154299736
68.0 61.7148468606174
56.0 48.36740034818649
50.0 35.07326930575073
66.0 67.52296896651387
27.0 53.67450552806258
66.0 47.841995771974325
78.0 36.66775990091264
66.0 56.27545312605798
62.0 34.363152207806706
60.0 48.92287493310869
72.0 59.39993994124234
51.0 36.17357546463609
73.0 62.21236251294613
77.0 48.5817864369601
15.0 36.611259216442704
64.0 33.73470419459045
49.0 51.06465107575059
50.0 58.33732497878373
66.0 58.378052515909076
53.0 69.07985053770244
57.0 52.63065428100526
46.0 39.8525386787951
55.0 41.73016373626888
4.0 45.35670059733093
43.0 39.51389020495117
34.0 41.95310475304723
62.0 24.707141497172415
76.0 82.12805113941431
61.0 35.688606310635805
72.0 45.04337823577225
50.0 51.804396433755755
41.0 49.9898729249835
0.0 46.67577724158764
47.0 62.93773086555302
55.0 60.271082792431116
46.0 72.63005730882287
84.0 52.904673209413886
25.0 57.92378400079906
65.0 46.50890542380512
33.0 41.516639705747366
56.0 72.01450074650347
73.0 54.140516459941864
58.0 74.29077915474772
49.0 39.417903018184006
64.0 36.99174818582833
68.0 85.58212520182133
33.0 58.40288516320288
46.0 52.96314607001841
78.0 57.56974605098367
62.0 65.43606344051659
51.0 45.51680863276124
57.0 59.52306363359094
58.0 43.77330463193357
7.0 36.35082365758717
26.0 44.87187271006405
50.0 36.21069251745939
52.0 46.36228805780411
61.0 48.77662394940853
58.0 43.694081630557775
22.0 61.837726356461644
58.0 56.58672300167382
34.0 27.169533152133226
61.0 57.84072135016322
66.0 57.589581122621894
52.0 42.060177356004715
50.0 33.47581970319152
72.0 41.10767009109259
31.0 38.02201700769365
0.0 54.21005470864475
43.0 41.585369954817
46.0 49.838449815288186
77.0 41.306902166455984
36.0 49.165048971772194
58.0 40.85162531863898
71.0 44.97787188924849
51.0 43.881171172484756
47.0 45.86309066414833
60.0 35.799620570614934
61.0 31.457488142885268
61.0 41.19245879538357
42.0 57.35674763657153
58.0 56.14256674610078
72.0 44.93805742636323
51.0 40.71594285033643
25.0 54.304431069642305
3.0 45.712060609832406
51.0 42.43459112197161
36.0 54.069392412900925
66.0 44.73743414133787
62.0 43.49299245327711
71.0 36.10276187956333
56.0 47.02047163434327
37.0 38.96668197028339
42.0 46.22407617978752
84.0 61.74789516814053
58.0 49.56385841034353
75.0 49.06972886994481
63.0 48.48128203675151
22.0 32.198078989982605
55.0 45.1846284288913
46.0 38.16122460272163
43.0 52.78003191202879
59.0 37.259517731145024
69.0 42.03409075550735
10.0 36.11274060793221
24.0 42.818499580956995
72.0 49.89922244846821
46.0 49.10607641376555
77.0 46.401368498802185
29.0 42.19570186641067
13.0 47.49921800941229
39.0 49.70184434205294
51.0 63.416667733341455
56.0 42.038797821849585
60.0 50.83271951973438
32.0 54.5697828643024
54.0 47.33626685477793
67.0 42.04081440344453
21.0 53.54042738303542
66.0 49.29763735085726
60.0 61.95355450734496
86.0 55.63846416492015
68.0 45.71523342560977
67.0 35.19825661368668
41.0 39.43605844117701
57.0 47.8921582903713
48.0 50.58376724086702
66.0 65.36673142760992
51.0 49.16758859157562
69.0 41.493094651028514
34.0 61.814512534067035
76.0 59.76096099987626
68.0 62.34915070608258
54.0 46.97603112645447
71.0 41.630668859928846
1.0 62.77503764256835
12.0 41.730478551238775
58.0 32.2785838926211
60.0 63.34235333092511
55.0 44.6460245270282
44.0 44.19605265278369
61.0 53.484506618231535
72.0 39.96720986440778
45.0 35.768036937341094
69.0 39.48319145664573
53.0 74.85044314712286
9.0 47.90681028179824
63.0 64.21251242235303
32.0 51.144105141982436
73.0 57.10388157889247
64.0 60.20254562795162
66.0 46.64215384237468
77.0 39.948080086149275
64.0 59.83333695679903
62.0 58.64491244778037
54.0 43.29079819098115
62.0 58.226288706064224
18.0 35.92625419981778
69.0 44.708867851644754
59.0 53.91760539636016
74.0 54.42379557900131
71.0 40.296476455405354
41.0 54.34882053732872
51.0 72.49257390201092
27.0 53.966710306704044
35.0 50.515444584190845
72.0 39.59169921744615
25.0 47.77350005321205
2.0 41.05230823531747
40.0 36.09768149163574
36.0 20.646334134973586
58.0 26.612081608735025
48.0 41.681858375668526
51.0 48.54043357260525
50.0 49.237112612463534
75.0 50.036729387938976
60.0 46.10932931303978
59.0 41.63897917792201
