------------TRUTH vs. PREDICTS------------
65.0 49.285137948079644
78.0 55.34630807116849
47.0 51.27695066520378
52.0 48.520251688272296
81.0 42.777999483393984
54.0 58.37495439185552
61.0 49.067643134861235
59.0 44.781416190749056
57.0 46.04058974252754
54.0 44.36749177043669
50.0 45.29337330240748
25.0 52.40706720689413
9.0 41.53496712775577
30.0 53.29808667599838
64.0 44.3378893081536
30.0 46.26353123710176
59.0 38.10606188638037
51.0 48.86829756444324
30.0 54.2590504104031
8.0 43.56895648299534
39.0 30.800273283590432
63.0 55.76326674192761
56.0 44.97653972297993
30.0 48.99326073529509
76.0 44.34397502471354
67.0 54.80946930684899
7.0 40.62914126244226
72.0 39.013778659526956
21.0 34.139084792500945
19.0 42.431365398591424
62.0 39.43582773822765
80.0 46.408044488253275
62.0 51.16466378976689
47.0 48.77226425874836
16.0 54.0912428092947
39.0 46.53259788593167
39.0 38.712935075023985
75.0 40.81346686846762
63.0 45.6303752807501
16.0 45.11563127242395
44.0 48.31273828531003
45.0 63.881099400201684
28.0 54.87508618818112
47.0 48.82120581236724
57.0 46.639453406729764
15.0 49.56927265186807
43.0 42.93653287285493
70.0 48.23642527361343
12.0 41.25022436225644
56.0 46.172292021734485
48.0 46.76726348818942
23.0 51.46397266121961
80.0 55.23293783388067
4.0 54.81138270065175
7.0 46.43069736922266
63.0 51.12453581117703
72.0 71.82296756393295
21.0 49.200544943587104
65.0 49.78628886365944
63.0 44.11362137276483
43.0 39.23276357829839
7.0 43.77578928450763
48.0 43.74166638732989
67.0 50.532740047279674
55.0 42.2023926888669
39.0 39.655541875770886
40.0 49.724353010566794
0.0 48.372763881703605
79.0 56.83210452742822
45.0 48.65988184730594
38.0 56.44120943767469
89.0 52.97527870845618
60.0 39.87719038956695
73.0 47.368411881797186
51.0 43.60796040537982
24.0 38.23746840314556
23.0 41.58442700648833
54.0 54.21205483449456
1.0 39.904827985834956
65.0 51.130249241636186
51.0 50.37758646549842
0.0 49.75592765527541
70.0 48.58227319490402
40.0 46.352769007126774
56.0 45.15553090347203
59.0 52.47996099530872
4.0 49.52609005311002
30.0 39.96170479536152
4.0 54.365096137465784
55.0 48.485872606117944
29.0 30.71375967086478
72.0 53.5253015371618
50.0 58.1971112493837
65.0 53.696853348137374
60.0 52.06995115755425
33.0 46.85500291003319
77.0 49.9926499792326
54.0 50.69388044825326
47.0 42.40593659437065
38.0 45.07515304581078
39.0 43.417377394441566
53.0 50.290808331965096
66.0 50.24362901700979
57.0 59.159239313331504
37.0 52.250925256021695
54.0 40.467898465196384
4.0 42.83919877107359
44.0 45.84294936302738
60.0 53.91042844186304
7.0 45.29869340584916
62.0 46.884948268742484
62.0 45.46324453474316
30.0 30.395583419339708
60.0 37.078693351484155
11.0 46.6904421147966
53.0 53.49116057617831
74.0 54.25201744456182
48.0 45.07975704618763
67.0 47.78885691854264
35.0 45.11202123349937
71.0 54.68858847506967
39.0 44.098800623822235
22.0 60.46459116181607
44.0 60.333854451115094
53.0 40.158849408668914
47.0 57.454409362938726
42.0 49.138977003516594
67.0 45.72426513900948
56.0 53.66570741706446
49.0 52.811862481065354
62.0 52.37732990181321
70.0 51.54132429485494
52.0 47.145971876133174
62.0 49.73946234961321
75.0 43.4539661115167
68.0 44.10972972169461
5.0 40.82369339354285
37.0 41.62318465474698
70.0 54.756532358069556
74.0 50.82699219301363
56.0 47.107742785169
26.0 53.51400082750721
56.0 43.743969276906675
22.0 36.31356918021135
47.0 42.640706091568426
34.0 47.38263225143245
20.0 56.72603147955912
68.0 56.88973454166358
71.0 48.95220757902633
30.0 50.69866651798579
16.0 42.978580876810376
58.0 47.85499701080826
16.0 44.23846161088791
53.0 38.957406550913575
61.0 48.03627662182709
59.0 55.70745779193826
7.0 48.63603336346285
59.0 51.06469165747428
49.0 49.29502750490253
37.0 34.469352459454655
87.0 57.14802302312726
32.0 48.20116062387012
47.0 46.655103922231895
39.0 49.02210135318727
50.0 45.37603041153563
0.0 47.83694288805341
77.0 50.52812709673526
17.0 47.754753155767034
66.0 49.98192877222376
65.0 50.94566496068355
80.0 43.768008432705386
74.0 52.21838390076702
7.0 45.601235481615824
67.0 55.427398574833646
31.0 39.544443323807684
53.0 47.63796017623077
51.0 42.89419519662206
10.0 48.351334221423365
70.0 49.04746571782653
36.0 45.36704405666861
66.0 44.55419940658769
71.0 42.1143924100523
72.0 57.52567466714721
13.0 44.142025681615614
47.0 52.22330463921621
60.0 48.39074862434635
42.0 39.15439509640953
4.0 48.97553536123735
68.0 47.31110268038106
33.0 48.47003760326864
37.0 44.644734383509494
50.0 42.994383629227954
33.0 39.39245394773248
56.0 54.66453975247398
34.0 47.63681915835663
58.0 40.470906755533726
64.0 40.43708794165348
47.0 49.51152010589823
49.0 46.44875751082485
61.0 38.177199644717255
66.0 47.9686712546369
56.0 47.9700559362869
69.0 41.644750338979215
40.0 42.13034589571526
37.0 47.17366046642537
65.0 45.67549023381409
66.0 53.33761443735935
68.0 47.8658634046346
65.0 43.80534537416626
52.0 48.29122127622758
42.0 70.41375926867775
59.0 51.29144658336873
68.0 41.915907788401334
74.0 52.33160804879262
42.0 54.31010436377889
53.0 45.5825833950936
71.0 48.9366057367242
25.0 47.75710252585383
79.0 44.545696447943264
52.0 53.879115691693336
72.0 48.02761070862806
58.0 43.47955747607533
48.0 48.49025230816558
64.0 48.405727736939376
72.0 48.946384258068555
24.0 49.48179357139269
77.0 50.940639814357745
54.0 49.47369470198841
3.0 47.76323980384817
48.0 55.2899177251942
2.0 44.03951343223137
1.0 42.5639485339429
72.0 42.26485539942615
56.0 40.40444587909473
72.0 46.09255815653247
79.0 57.66341677590733
40.0 41.14937917799415
52.0 43.980230710824586
68.0 52.89423886987078
36.0 58.87179953342192
47.0 44.86759255376108
56.0 44.86808715829321
44.0 45.796353660430135
45.0 50.0463817591435
65.0 52.56528184947151
78.0 45.05411646718865
63.0 44.80399093788949
46.0 35.463238777630615
70.0 60.64954319527232
58.0 50.663467390939225
50.0 48.01079170978917
62.0 49.2806038970409
50.0 43.31550355960213
52.0 39.964256362129966
49.0 53.42084793141921
77.0 52.545139151788995
10.0 47.78049735817341
48.0 46.24669506162829
48.0 45.897468013527835
64.0 51.34911688583778
51.0 54.70060497077208
61.0 45.121481852395945
38.0 40.537224807891086
14.0 34.87816557484885
9.0 53.99202071060538
15.0 50.44765167490359
56.0 49.91924201785017
49.0 42.4673551437264
42.0 45.02257976602082
37.0 44.03975879031115
86.0 57.53450707985231
47.0 45.02861305636541
65.0 53.53684563946034
51.0 35.55896126295753
33.0 47.37856195611369
55.0 38.336476815295036
48.0 51.28173165907209
60.0 46.915858552273995
51.0 51.10722111299683
33.0 53.113867852247274
51.0 48.507316657418805
16.0 48.406788109734606
44.0 42.065478731732696
56.0 45.71478907612261
72.0 52.12168994523298
76.0 66.48285112100625
47.0 56.41579036176753
58.0 42.79872916963257
55.0 46.669389751059875
66.0 50.600802677689536
42.0 46.892495655577214
49.0 48.25761531620292
41.0 41.70512353337892
67.0 52.511512380418516
16.0 42.27801657497745
70.0 52.85924327929474
34.0 35.436458169094436
41.0 40.52628554711048
74.0 54.32152110984637
73.0 54.49861809707446
71.0 45.53451982582657
41.0 38.601869854406864
65.0 52.71626675278206
63.0 45.436845153180094
68.0 56.07669577003586
15.0 49.514063529943336
58.0 41.34343219805215
79.0 49.683186461000446
42.0 45.81633088018967
64.0 51.83714260393193
76.0 57.40978819421887
50.0 56.33834697802046
40.0 52.08365073380863
65.0 45.170993971580735
48.0 45.402713934368975
41.0 41.249722871808856
45.0 47.31822410227085
70.0 56.43252364371211
74.0 52.48859737614934
7.0 40.597004866449716
53.0 61.075819833455945
75.0 50.42449225499579
75.0 46.489011638300745
44.0 44.22223014961716
63.0 53.85766171896095
63.0 45.40940451262134
44.0 40.987251219359386
44.0 52.68200697988062
30.0 45.743866716028585
57.0 46.89837091952575
77.0 39.035617080221954
64.0 53.49567964873451
47.0 45.64097442220272
93.0 39.709731945289654
55.0 53.87665316000902
59.0 55.75821635122294
77.0 54.2761558590361
76.0 46.636955114281484
60.0 45.02476293901339
57.0 49.0212988079657
47.0 57.81416548682187
60.0 44.06715486436514
38.0 51.322408227441926
68.0 45.25220741083549
49.0 47.30421068065713
39.0 53.37365464601831
52.0 42.94933513061412
65.0 66.77636420894743
59.0 51.8108613201129
76.0 55.031136657558925
50.0 51.96919531358336
26.0 55.20110282590711
28.0 48.78331449443778
53.0 51.72598234769348
67.0 51.63196597252692
64.0 60.1361612437611
40.0 47.77889076814731
58.0 53.256854275818164
46.0 37.82602644419046
77.0 51.390951771362374
52.0 56.40532133416628
55.0 42.74716831255578
10.0 57.08089097728041
68.0 48.744323523458775
0.0 42.45509977971938
80.0 32.65252161286345
56.0 50.550436200589566
64.0 50.53187678972195
50.0 46.648108930053006
74.0 56.42241853133904
14.0 43.025139448666
51.0 47.85418612242682
78.0 67.71308341952836
37.0 54.91450405476209
60.0 46.74093716973376
35.0 50.44996644748643
52.0 54.55918795743358
23.0 44.62176396890846
40.0 42.79275674434049
52.0 54.67453897597604
30.0 46.20344826480339
28.0 47.877663827047854
39.0 48.52323390568332
3.0 51.100808665187685
5.0 43.62557368013642
44.0 41.56430263630342
77.0 66.9316670663668
68.0 49.51583633824179
62.0 42.471115249966374
47.0 54.09394751030626
45.0 50.466707982724834
72.0 54.812725040852555
44.0 42.3263477575513
51.0 44.42497489356626
63.0 45.01247658101775
90.0 48.94159951133088
51.0 48.09950153771906
38.0 52.852335140416145
74.0 54.39344246134802
75.0 46.814813112193924
25.0 50.60230993432062
26.0 51.62755124641488
69.0 36.91064800179891
73.0 48.19077933476651
49.0 41.99932740747289
63.0 55.557294782707324
17.0 51.63219557235082
42.0 48.82239523900089
66.0 47.0743536805978
24.0 45.29653233385532
71.0 58.74241417575125
49.0 44.735850202172294
55.0 45.513444407819016
52.0 48.367869686717846
38.0 53.18234723345885
60.0 49.683167154159456
49.0 43.0918458839276
49.0 46.288566432879115
49.0 51.202653749436614
51.0 56.452799060206395
69.0 44.203149745779506
59.0 41.71985333811607
39.0 56.834584175749626
68.0 46.080610983667825
69.0 45.480109704392284
55.0 48.83021573454966
43.0 43.63861422752367
73.0 39.56126529541342
47.0 50.969694079044295
71.0 48.13525583306923
53.0 44.48404007885291
58.0 49.95679025943651
54.0 47.84320276719853
41.0 54.818814013323596
64.0 39.52898842975529
65.0 56.45428576394385
67.0 53.14338605755859
43.0 40.544864196273814
15.0 49.95082518666839
36.0 40.822206402135656
60.0 49.83788703958843
36.0 53.17940949718876
69.0 43.40318899845591
39.0 43.284517864196694
44.0 40.64711745220225
69.0 47.32398793397458
53.0 49.802721129231536
35.0 45.78160385958852
37.0 37.50881410650863
35.0 45.730440912702754
64.0 43.88806740782332
31.0 46.07952895532866
61.0 50.28888502372484
32.0 46.70433613952638
49.0 43.40340809545231
64.0 57.217860261756506
22.0 45.26577390714395
77.0 50.83608312682856
70.0 54.983679289294834
28.0 42.72791437949662
62.0 52.51786488514222
55.0 49.33043531700033
30.0 46.692419356828175
46.0 49.066180090407066
33.0 50.12970292240742
57.0 42.71983447851425
75.0 77.69048925030081
38.0 34.28505776822409
66.0 47.9584568925175
73.0 63.44058276860097
47.0 46.53940721869878
78.0 48.38563309276534
84.0 52.433600328506536
58.0 41.83567746627805
60.0 56.00305559269691
63.0 54.22056115694728
15.0 52.86753613852003
61.0 40.58460568651265
11.0 52.71364310669257
62.0 46.437175571584106
56.0 60.96496604321948
77.0 59.53889429981391
63.0 41.85758856605012
76.0 47.25484999427376
63.0 50.618455548414886
61.0 44.52942369740145
23.0 56.11150663935111
67.0 49.24941342964137
82.0 62.193806079704345
23.0 49.54446372329791
54.0 55.725457577016684
51.0 54.12777410985304
4.0 45.56368436352524
82.0 56.21063717046879
27.0 48.94542575644547
84.0 56.11416305277878
13.0 42.19797862330852
56.0 53.93465298137496
56.0 44.00219228668967
54.0 52.15988645734972
50.0 50.58499870615281
75.0 52.58470277189647
69.0 44.702665346229516
22.0 46.54909084458292
57.0 55.21506081594989
69.0 43.93496733240156
64.0 47.34360992587115
55.0 43.734418703287496
59.0 49.166017713025056
49.0 42.355517493306074
74.0 51.71958678761804
45.0 52.76132212778614
62.0 30.302586090336145
16.0 49.07062806874895
60.0 51.32930249772706
51.0 51.01091581714789
40.0 49.50273063295576
52.0 40.221085493651245
39.0 61.82973295256851
9.0 47.404599695807406
26.0 42.943814950749335
58.0 44.71008873782477
31.0 51.84985869537585
18.0 46.90471172688732
60.0 50.42919973505913
47.0 45.79631176245702
31.0 46.94793011191986
68.0 38.648060242492605
0.0 55.449068294454534
28.0 47.88292218718695
58.0 57.54362713032082
66.0 62.263280988812866
67.0 56.0127641022818
65.0 41.85661604677975
35.0 50.045385206399196
51.0 49.38428354625511
62.0 51.20630850984467
53.0 41.66319180562052
73.0 47.10016682120093
50.0 49.42097143994136
81.0 52.67741533402491
59.0 48.88195596973259
41.0 50.68632392088802
22.0 36.80988291377682
15.0 43.99633246509082
45.0 50.78405358932048
61.0 49.503153092861666
40.0 57.081841123378915
40.0 54.488291594399115
64.0 44.367128023412214
46.0 48.34468250657431
55.0 45.45042155379681
41.0 51.94710385641252
41.0 42.65424220017311
76.0 59.56539042275248
40.0 43.82155128971486
53.0 49.31208992851577
61.0 54.30481902978036
39.0 42.88508896391475
15.0 49.7440833415602
75.0 59.4408070397821
37.0 44.327973690798466
64.0 54.38762561273388
20.0 52.86340258531396
1.0 48.953097050563336
82.0 65.26767590945362
76.0 56.49766690416977
43.0 53.17292521531027
25.0 50.87732741423937
62.0 51.445481462862254
60.0 53.45207056006488
29.0 40.08382832721522
63.0 44.24351889235343
74.0 56.576696343045434
55.0 49.177073784341935
6.0 43.60730483582567
52.0 41.85881031667968
51.0 66.69284177001731
37.0 49.48553662753143
69.0 46.6931093857898
15.0 45.54093312440663
48.0 45.82258305472845
94.0 78.63931114437655
62.0 51.80978941085743
80.0 56.191826834521216
71.0 39.81534983283135
29.0 49.22609813813646
65.0 43.83662502381586
41.0 48.116606568277085
32.0 43.87985684384044
49.0 47.193896502352935
42.0 49.206852708457696
76.0 50.536747655273864
49.0 42.64006029795268
64.0 44.555617015663685
47.0 50.02685726660584
71.0 57.971166954910494
45.0 46.689533286446796
67.0 50.895556686347994
75.0 52.87741073103371
50.0 66.34071191609979
83.0 45.9852992145099
49.0 47.349218794256124
47.0 49.50358213060711
1.0 46.85519028682592
2.0 40.60377418398349
65.0 52.05639768489374
49.0 47.11768670617439
53.0 48.69600282590133
76.0 42.388440533292986
45.0 44.521547653353345
65.0 50.840198458121925
55.0 51.86915530185764
19.0 50.28906314233789
43.0 46.8718026827143
50.0 51.409957517999345
61.0 52.65576529556811
1.0 54.001575151567515
48.0 47.03361178631007
67.0 47.80205532051746
38.0 41.26784187870005
15.0 46.22440600869521
14.0 46.786451633477945
40.0 48.957264862054295
4.0 48.263124461409305
97.0 65.1382846651464
51.0 43.956064646731825
27.0 37.02113778461311
57.0 41.275908929514735
7.0 51.53468104899374
45.0 45.11232358619361
48.0 29.93076413917292
33.0 47.01773844326045
80.0 49.7882427663919
61.0 46.77853311729982
40.0 48.638210852525205
6.0 50.34796814970783
65.0 58.50903752806457
68.0 51.47871768103853
27.0 51.54583818527351
58.0 59.90869594685773
25.0 37.17944751093034
74.0 54.50620146181361
67.0 40.23185541097749
59.0 42.234750958171766
30.0 51.80277980034081
74.0 49.43334012633025
62.0 51.962508420704374
26.0 41.334567342809216
59.0 39.60417398805921
57.0 59.04803280266853
74.0 48.68392698979111
59.0 49.90070142101856
49.0 51.5939899946993
67.0 44.54956014881122
52.0 50.52472919852519
10.0 45.34280462440058
40.0 45.37423701425332
34.0 41.01101035474051
17.0 46.63749711517744
28.0 51.42643458268885
75.0 46.659973043237734
41.0 48.193808896847735
47.0 41.91787699305038
25.0 47.307192172519805
42.0 48.990664627728314
32.0 48.66132871570499
76.0 50.701758551931405
1.0 40.489810915460815
55.0 45.288217545381265
40.0 51.60353674649179
33.0 46.619507242468025
63.0 51.26061083682295
58.0 55.89699153742487
36.0 42.7253129072426
66.0 56.294478226096636
54.0 46.94517196898381
73.0 57.58148060803144
47.0 41.38215699184155
29.0 40.58971042803922
8.0 63.08462836925679
73.0 46.52507762433407
40.0 46.84923709954421
41.0 40.744198917655304
65.0 58.20815127326359
91.0 54.92217243715639
46.0 44.65645359956573
54.0 36.330634975356894
23.0 53.51982047435853
40.0 58.341158869566044
72.0 56.20581819059846
49.0 48.36496309558544
53.0 45.27565566701516
39.0 52.57662091032038
8.0 55.897216915076264
49.0 35.69604394114379
67.0 60.448932685730725
58.0 56.38881894036776
55.0 50.804198500871514
61.0 48.58682874826369
80.0 66.61178238641598
76.0 50.39120873938659
59.0 43.986350956018875
42.0 51.32168301131101
15.0 50.63667555857642
69.0 49.73852206957858
47.0 48.36005823635726
32.0 42.29638807508929
56.0 41.3205583807816
40.0 39.28073321797118
49.0 54.19617137554622
28.0 43.44685739272847
53.0 30.05755465331922
53.0 40.77759328126508
77.0 43.030650423280186
55.0 43.58551255332379
77.0 46.5717202613777
65.0 46.39127802594262
60.0 48.338477287051454
47.0 58.942359781202505
39.0 50.730706768546064
42.0 41.7042612621023
45.0 45.055336733775576
45.0 40.71314076306934
65.0 54.42130994481082
61.0 37.701823164566996
37.0 49.10835923242299
42.0 47.2671709371862
56.0 45.075566103954976
68.0 61.223083601056295
60.0 49.959633374512244
55.0 49.99090021658095
65.0 45.272358655703904
2.0 42.66297925131365
65.0 38.22222656156785
27.0 56.086367398241535
57.0 40.20740478417765
85.0 71.35537303838473
54.0 52.60685088117307
26.0 45.867982110315644
35.0 58.82846877706572
57.0 60.41193844901006
57.0 52.838089511070756
44.0 44.98756420782666
42.0 53.47517973798641
83.0 55.38745879706723
63.0 58.645804055493116
69.0 46.62018080555346
42.0 55.427138617261384
65.0 54.42842381759602
37.0 47.89303362669269
43.0 47.09795426033599
53.0 53.092488462439185
46.0 54.7949593342939
49.0 48.66618111400048
48.0 44.57959270718711
59.0 51.605453281294125
40.0 43.128804698805745
54.0 47.0356141327917
47.0 39.16542636004546
71.0 50.0267428020503
35.0 45.795375314640005
43.0 37.102644646168365
20.0 44.69080781709584
19.0 48.25838316075296
24.0 47.66209011684348
51.0 42.83034041868155
68.0 60.00145368246931
46.0 45.91377412108213
62.0 44.98467112437854
74.0 52.33884878950368
36.0 57.589328252524915
66.0 45.08054249781965
35.0 48.609701448900005
62.0 54.42629118978299
53.0 49.408763502937866
53.0 32.50670605135444
55.0 49.52346078848626
3.0 59.99394344953747
32.0 49.0099877886327
65.0 54.397868559811286
24.0 47.579200347495565
77.0 49.80829800360102
46.0 37.29913165964759
63.0 46.34727483491178
42.0 39.247789015586825
63.0 44.22722640345648
42.0 49.41083447534692
79.0 46.07723601092078
58.0 44.343741901272615
48.0 41.75712696299896
29.0 51.301037657500224
51.0 49.17829409091966
47.0 43.87142384900257
96.0 44.68197287977903
62.0 44.40780670928684
39.0 49.246138217610614
31.0 52.6238676540894
57.0 48.67507824264959
71.0 50.90189298146322
23.0 45.340951264784074
0.0 47.18852338621284
54.0 57.37078672962967
62.0 49.279055026079085
65.0 40.02986734912724
84.0 50.354640077617425
69.0 51.935266594615335
44.0 49.91392942093197
63.0 52.03760419114324
38.0 38.9800895556463
26.0 55.07203523669395
15.0 45.7758864617584
67.0 51.47908117664243
41.0 45.71872710019616
45.0 52.854071131925956
30.0 44.178569973963384
69.0 47.085695966221785
50.0 48.3682474800573
47.0 42.14717849640051
38.0 40.887167467523284
65.0 47.55810289562408
69.0 54.17785340091019
32.0 45.486312295699484
45.0 43.213958921838206
71.0 36.63559447724656
42.0 50.396090214505016
66.0 54.04286159028782
26.0 52.659991918328274
64.0 35.84203763832354
81.0 55.08789529438383
6.0 54.4461290373206
66.0 46.69407974194532
12.0 37.48591492503617
20.0 34.83332713645975
51.0 45.9159912005045
51.0 45.21958531911928
0.0 56.613830470378765
67.0 44.83303811943673
46.0 42.18516358034601
70.0 52.448338450454884
44.0 48.68382830390434
55.0 39.4289792669966
37.0 44.23809184519232
34.0 63.608921953677516
52.0 41.606824355426994
58.0 44.03934812769703
62.0 38.49865260217552
52.0 42.687824860617205
65.0 42.1455681445162
73.0 70.16077935850281
17.0 58.14737725691807
52.0 45.137771265003
42.0 47.88981995140741
49.0 41.59324267291655
60.0 47.97598180526429
35.0 37.34648571156409
52.0 44.51593138013106
61.0 48.968249756163765
51.0 51.15760607888728
48.0 55.53273823064079
28.0 43.769884746913
55.0 48.90207788069627
3.0 48.746558810720664
37.0 45.9018862146167
78.0 52.178371321493344
83.0 54.90979899961558
41.0 51.19327775130889
57.0 45.88080335346323
70.0 48.92350751075179
24.0 46.8867473817603
64.0 45.19755627293568
48.0 46.22254413577996
55.0 47.92297172002001
77.0 61.81636605362126
34.0 48.66948945625599
28.0 42.51091815133744
80.0 49.32830231493232
77.0 41.46918609941354
71.0 45.66419624129457
45.0 42.23089974593123
32.0 50.949230785875734
82.0 56.38698988210508
71.0 55.22789440255462
46.0 40.40892117962454
49.0 49.7552713968684
53.0 57.62097119674344
67.0 61.10030353600823
64.0 44.21944472072622
57.0 50.8549245045425
39.0 51.89710764908782
70.0 58.84463740878997
58.0 60.120248018943045
68.0 51.382992036135526
76.0 68.13501202954723
58.0 42.7201165159803
42.0 51.16701474139122
76.0 61.84995439871125
52.0 61.01357300282607
66.0 42.11685855209824
50.0 49.74459924714257
32.0 40.913538606268894
71.0 43.14022274211013
68.0 55.9795320276875
59.0 52.127505713146476
30.0 37.88562236539301
40.0 51.7533616148828
57.0 45.192827701925204
48.0 51.92345041318068
51.0 55.384935219229334
74.0 71.29116028689866
0.0 37.496722962718856
68.0 43.56297325573269
73.0 49.508215394549275
53.0 57.75764993176643
36.0 49.329760078440394
38.0 46.94725475593027
90.0 55.828682118888906
62.0 49.61674753748046
61.0 35.840548851251604
36.0 65.93701576976699
68.0 59.59029265289182
61.0 53.30389166141852
6.0 40.4182769707215
24.0 41.88713255712897
24.0 55.109827236322694
58.0 54.11644505404058
1.0 43.45475027661248
32.0 47.514394864996866
10.0 53.65807708987585
43.0 45.126836113825874
56.0 44.34296863367634
13.0 38.32126237558358
47.0 57.338095793084925
53.0 63.146568005478116
6.0 62.36433551820361
77.0 49.37594124847238
71.0 42.679008430596404
59.0 56.253800725959294
76.0 60.81863857777894
64.0 55.16152390790334
45.0 42.82017382591702
46.0 51.65236405726644
53.0 53.245628109494795
40.0 47.36149165114709
80.0 56.40551497227322
63.0 49.37027644010338
52.0 51.937147210593714
78.0 47.27825818597818
65.0 53.698643693073144
58.0 44.324778176016004
49.0 45.94219468997657
77.0 46.5496725822538
35.0 43.22348932984254
71.0 46.95272508305085
63.0 47.10198214433577
57.0 54.43733737860352
32.0 56.63723644384491
60.0 53.337588515260826
58.0 40.85361120678883
30.0 67.4095346246797
53.0 54.07411464022311
43.0 53.17097618213753
71.0 49.766848461217855
43.0 43.91348583199295
55.0 46.043687328004864
15.0 36.73748887037848
26.0 49.45548492647877
28.0 47.8091957731958
47.0 51.78075921861602
44.0 51.29828238457062
44.0 43.54973269380439
72.0 58.37429784004866
72.0 55.61318383036831
47.0 46.557645508945335
44.0 46.38362978195499
56.0 47.65003310554088
11.0 44.34712651142491
95.0 74.48802851383739
44.0 47.36921462156243
45.0 51.513831530468806
22.0 46.51261474104732
87.0 70.64039912260866
7.0 49.4180795280902
32.0 48.63098418449542
0.0 55.35627964652012
71.0 62.20004354845995
18.0 51.251847966235474
28.0 46.317999796256736
36.0 49.82456263946551
39.0 41.498040068564585
30.0 47.5078740446969
51.0 45.358475736233984
51.0 65.47669602476522
57.0 44.62909536746701
9.0 41.51785535093712
50.0 53.10733222508933
79.0 45.439626620669124
60.0 43.58029261481583
55.0 47.80060104822794
48.0 43.569891273107196
73.0 58.29495789693584
53.0 44.44965149860882
41.0 55.59304445507252
27.0 49.98261752705166
63.0 42.44875352688353
73.0 45.31230210437716
29.0 41.74288158721899
63.0 37.18692026010184
38.0 41.15128979613606
54.0 45.79155697528256
3.0 44.912861815271775
0.0 42.47966433772437
60.0 53.33315060890413
63.0 49.3868648928129
70.0 55.31502184353702
68.0 52.2799938100974
46.0 48.22220427208447
58.0 44.95483867315697
51.0 44.14679151744745
59.0 46.49252829139983
20.0 47.03890943555348
60.0 54.03758178017198
51.0 48.61320984126707
35.0 52.09924498569489
21.0 46.814569729490486
40.0 52.60593153835699
27.0 47.35340938506237
14.0 42.46086839133107
45.0 46.695676768416185
46.0 50.98043070755924
43.0 52.72359071138142
55.0 49.06139863613195
74.0 48.39637067170218
3.0 35.71604778501386
53.0 51.963413295430435
57.0 50.38663004704902
89.0 45.34707650162341
20.0 40.12072422670685
70.0 39.03691374606911
2.0 45.489641609775724
69.0 66.35842609170675
78.0 46.05529993454818
48.0 52.0935519539107
30.0 48.63699268092294
64.0 49.92322460957797
75.0 50.49012751981217
15.0 64.10894071554243
76.0 52.40447040563887
67.0 46.06867225780333
41.0 44.05498531968936
45.0 32.73083665464386
50.0 54.03456798205972
11.0 48.430425478377124
63.0 47.92715247890427
0.0 43.31933183641444
66.0 48.47866621693823
48.0 42.93284835481146
36.0 38.322556018168406
71.0 42.62038546775553
49.0 50.129743996483946
70.0 37.340826335172885
17.0 59.881252031307206
48.0 50.73741776577319
62.0 64.45498747660109
81.0 47.54433502215851
73.0 54.902578789453365
74.0 54.871974385477166
76.0 41.740890337202195
68.0 38.81543122347146
57.0 47.17040526771523
27.0 35.06248106484048
55.0 46.9152909249677
63.0 59.21392304851476
33.0 37.76082389833798
21.0 54.78991381707005
81.0 49.14859982384423
71.0 46.13984350840782
85.0 70.64039912260866
29.0 49.42954014048614
73.0 60.03379455880398
32.0 58.961608301437515
65.0 43.08552458669758
54.0 55.78088557902645
43.0 46.416565493838185
37.0 53.97788818741949
68.0 45.579962315983956
66.0 45.67296042588787
30.0 42.9374757407926
80.0 53.80046755779444
50.0 42.465903016286376
74.0 51.90448781536751
72.0 52.89786919969592
74.0 60.45797672689894
66.0 49.1230768433618
82.0 54.9482806432773
7.0 46.251488406987775
56.0 48.26320539542744
4.0 41.74340240767937
40.0 44.53983142020932
42.0 44.06202962612446
4.0 45.951357877964575
4.0 41.68128432473856
53.0 41.20896310140039
52.0 64.60877000465135
38.0 46.53364052912263
65.0 45.527686052790735
25.0 45.28167216446662
65.0 47.71024271457084
43.0 51.102781190562105
56.0 53.71646536303047
41.0 45.38734576601065
90.0 56.17617810469143
55.0 39.9088400515542
62.0 44.25638905114793
45.0 41.94699306043463
37.0 31.95231203355086
40.0 47.62716752627167
73.0 51.78702088079171
68.0 42.80632401524441
16.0 42.457089923771996
64.0 42.05174745699465
64.0 65.5683476824672
58.0 34.63915720481102
44.0 39.17195117460276
50.0 55.5084356981935
62.0 47.854753404884256
31.0 53.28312891524171
55.0 39.77387768617088
61.0 54.293202406638166
69.0 52.07876231052396
0.0 53.767995620343136
46.0 50.55300487085611
46.0 44.0534114589096
41.0 46.80936939771373
64.0 46.93416729337658
43.0 42.88090204890459
30.0 35.688476422212695
51.0 39.70513978711423
42.0 40.44381715362853
55.0 45.340315826144604
63.0 56.61672710662914
57.0 53.38320591888115
19.0 53.600221510945346
15.0 50.809183385033975
44.0 52.01625745171755
65.0 56.86197970649663
33.0 51.559351999424
21.0 61.12629396169327
50.0 48.704534974156665
78.0 48.918694947314215
70.0 42.569887570289836
48.0 44.819917820501
53.0 46.248536461196544
58.0 41.67017343176448
70.0 56.45064880047428
85.0 45.45654764880026
73.0 46.19566351002562
72.0 55.98577438572493
60.0 54.81462429098783
70.0 49.9474769439606
31.0 56.354861701347836
63.0 42.658915070964646
53.0 51.11103501688394
58.0 63.646058190278914
3.0 34.37680070508926
65.0 48.0135310690581
56.0 51.37369801242762
58.0 43.76001600227402
55.0 61.100383314665194
61.0 46.10291110330019
35.0 44.694149554722046
73.0 47.28116549685668
49.0 39.3172522324869
77.0 48.504498650572735
72.0 53.53253822762023
57.0 45.65649973769404
42.0 54.53045845664442
51.0 38.83004078415244
64.0 49.87843569712048
56.0 45.54013498864276
6.0 48.124770401258246
77.0 41.43018295523553
50.0 49.4279980254715
80.0 49.50643473196023
30.0 43.523908267421696
60.0 37.25489670914101
66.0 55.20656759238776
52.0 51.44470637536305
78.0 52.761635959091194
54.0 53.65114647904293
18.0 34.752828059990954
71.0 43.074292592412895
4.0 55.87704242070029
81.0 56.00157277627103
2.0 51.51183750741967
54.0 45.77463000145728
70.0 52.28121567136659
46.0 44.92084079239297
69.0 43.559396605085844
69.0 55.63840109527816
76.0 50.379516732496256
65.0 41.14888968949117
51.0 46.988106879668955
58.0 45.089176230610626
56.0 48.871405902137646
60.0 40.39892218959432
58.0 54.19120558149381
70.0 45.15610253756432
76.0 41.505331992290344
58.0 49.860979021678126
70.0 57.11341342209795
72.0 55.01453410007903
52.0 37.96430325223509
70.0 49.3144474315283
60.0 53.5147141382271
44.0 46.024811905445304
54.0 52.55880424341311
10.0 50.0483002800593
16.0 44.31978690512426
63.0 46.76716004161193
50.0 51.39815104779251
54.0 49.02766519234025
12.0 43.97745118633299
50.0 49.888094456081056
54.0 53.959121616757045
47.0 45.15665382382378
64.0 43.137099107217765
72.0 44.96642676397796
62.0 53.670417923467404
40.0 43.14996603998041
2.0 43.84232196134792
75.0 49.11465499992344
7.0 49.01964393295473
18.0 54.443885002723576
53.0 41.247588351405604
60.0 54.17082829164477
69.0 54.118927000860815
51.0 46.37552538416006
23.0 36.45081481788644
12.0 41.30354230561236
58.0 47.5358029586365
49.0 48.91163804643945
46.0 46.19612956362227
53.0 39.545725351175285
3.0 48.09525109447528
50.0 41.353748339160695
3.0 39.876104857073045
57.0 51.27711030003168
44.0 45.306609793583576
7.0 46.101097794246094
43.0 48.08278552699727
17.0 50.243690732993734
65.0 49.181026774292064
58.0 51.413733223542536
71.0 36.70028577359574
41.0 56.69612464154201
76.0 51.33435851283293
52.0 46.841169737804755
48.0 49.37213640204711
63.0 50.514071784133044
52.0 49.320911835507566
65.0 44.719934680079795
78.0 49.073977724996645
0.0 43.88728837417958
73.0 42.5253060802228
41.0 36.390653526892834
59.0 43.114009922165316
51.0 55.980368157655256
68.0 49.594107162692275
44.0 56.06163161817719
64.0 42.42389136092861
49.0 38.56648403225811
60.0 46.46445270948464
37.0 57.25034664093986
65.0 43.60843430532001
67.0 45.43907609451375
39.0 43.65517817618137
55.0 44.490610910147964
4.0 47.57849732105928
58.0 44.63276667229404
56.0 46.934120109130475
83.0 57.848210213247974
61.0 52.19658281515241
66.0 43.92408007828433
76.0 42.913816645814705
72.0 43.25789345381677
66.0 55.0240635030505
59.0 40.30259967631715
14.0 37.50072445815515
73.0 36.726757444554465
45.0 53.11950877291797
54.0 43.51357757274949
40.0 62.93668660831917
60.0 47.89568532403324
69.0 56.44825036395759
33.0 44.18160920925215
23.0 46.95988375802269
70.0 49.24488843806344
65.0 51.034589515466685
21.0 42.34430615640195
58.0 60.82554310400334
77.0 54.68906685365649
0.0 38.82089937155069
54.0 54.31103956059035
32.0 48.81301383985349
39.0 50.27405840178269
75.0 50.272087759277234
51.0 45.98270213969971
60.0 42.07256647389662
17.0 39.22828653073176
48.0 48.67436190915827
32.0 46.660130868096154
59.0 55.68260297509009
24.0 53.47802715746571
54.0 52.72520767540663
88.0 50.13804216392293
78.0 42.26566455365532
75.0 43.17509942442482
19.0 46.58475515653301
65.0 51.817917718572275
45.0 61.29891898819309
44.0 51.6436908726922
62.0 45.721399408140236
9.0 41.21345473577958
47.0 50.23579277228372
29.0 46.35699694578269
56.0 42.56600062582989
73.0 48.25532430441303
63.0 39.28649872958699
13.0 48.766213577250646
62.0 50.204098606619304
72.0 44.41236156932241
63.0 55.11970091235534
45.0 50.00893824074294
56.0 44.60961022684105
67.0 64.79474673314874
72.0 45.149558491717414
68.0 47.90962477271616
39.0 41.54408034094108
10.0 49.05051938956162
18.0 57.516530038582985
65.0 62.322053192212834
49.0 52.730493623471155
49.0 35.97286610159518
51.0 46.90160866772962
62.0 42.05124952009417
65.0 56.047629498656555
56.0 52.46242086731557
63.0 51.2214603248555
36.0 58.147490499108734
55.0 52.24627428016689
48.0 44.290779722104276
58.0 66.69270965412821
63.0 56.53620640174504
41.0 39.78134821856163
18.0 47.6598727931137
44.0 55.882459334810754
46.0 65.36387471458575
62.0 44.97043393975017
75.0 51.74128320136871
43.0 58.23715892353224
38.0 48.24785397973522
85.0 58.68872912471324
58.0 39.03339350864439
57.0 53.092590925020765
0.0 53.34834481654733
61.0 40.91159336009517
52.0 49.10294644373885
62.0 41.58284985676199
0.0 42.70122075371765
55.0 46.49373168361359
5.0 33.27327430327096
86.0 47.50664233503529
26.0 37.57181878655246
47.0 57.34728069966903
64.0 48.38348958925176
32.0 42.84696850797534
22.0 52.41859272023829
55.0 39.114106988502506
35.0 39.3748589885053
48.0 44.49628181975968
34.0 48.12023283930273
13.0 46.518604090050054
18.0 42.463886848834946
39.0 36.15897857480889
67.0 47.38675270942725
60.0 57.78903740004959
40.0 39.137789163101544
51.0 44.745537617623874
21.0 45.242407794042855
71.0 45.00745329375047
5.0 50.3661409252614
43.0 49.16670789187873
43.0 50.083301560500175
51.0 53.65861045340155
32.0 45.77332618793576
72.0 58.88965923955324
26.0 48.121901494502964
60.0 54.15930913666343
42.0 42.37087896568206
55.0 54.20144588143342
12.0 48.6438352613249
73.0 64.44758009606817
2.0 53.748160071349695
52.0 51.89758757222781
42.0 41.67096353318643
41.0 40.00092929925473
36.0 47.839837820951345
48.0 43.22886706504318
55.0 44.34541540627829
63.0 57.39445234868873
69.0 35.098117389780136
65.0 56.270492692557205
58.0 48.6528314973567
49.0 53.77119417813163
62.0 52.073818667918566
59.0 54.15012014780935
81.0 40.572488206291744
60.0 47.47978647271767
64.0 48.00131976672997
71.0 44.707336786604536
3.0 45.52035102654863
51.0 56.40662604649905
28.0 47.59106338922401
22.0 40.13722959086483
46.0 51.61558324558115
8.0 49.19591097220703
65.0 47.92709798226159
49.0 51.23064254209684
32.0 55.033704845515125
39.0 40.155641084105405
11.0 63.35336872152613
74.0 48.97852307001542
64.0 49.53289568672065
63.0 45.04005443865379
7.0 50.192999912331025
71.0 37.738017995844366
38.0 42.2579159444502
44.0 58.85132285387417
55.0 39.08370786203163
77.0 50.12816196109861
26.0 54.486316702795975
48.0 52.73707955721635
49.0 48.33906802363501
63.0 47.3326604263218
66.0 54.382409901614004
17.0 51.39627389685307
44.0 48.663380556722
59.0 57.00020768441471
40.0 56.00779973777802
26.0 45.51815009790328
53.0 49.564454900474104
40.0 45.83669252344327
12.0 55.316347582860395
37.0 46.66284768090501
76.0 74.30409934612878
51.0 50.03560349408784
66.0 41.763754414593684
72.0 56.01693049665369
58.0 51.60317890611833
21.0 41.22171808675038
40.0 48.033914331053296
8.0 51.341286561481205
66.0 53.72331471466787
51.0 55.6792742537419
39.0 60.45986254702623
14.0 45.24356840261637
60.0 43.72767259446143
44.0 43.42975006635417
52.0 42.41815645342128
64.0 49.02524507647505
54.0 47.4063951528863
52.0 47.59780911116723
34.0 50.01728225678634
55.0 57.79096420412005
58.0 37.54263560116581
50.0 44.404868402967075
66.0 79.71419040885594
48.0 53.08161431401665
45.0 45.77651754238127
52.0 49.1850418905668
48.0 50.853522520844
93.0 50.62852408812364
63.0 61.44123902034269
66.0 45.97820106363523
68.0 57.32562958508239
59.0 47.58101559797475
58.0 42.29652314319884
39.0 53.754817674145485
67.0 42.1150265032175
70.0 45.80180790016819
3.0 53.12175136216461
50.0 48.028695100623956
61.0 44.06510614727791
69.0 55.878481447503006
52.0 55.28294802540342
59.0 50.40412032459374
28.0 37.28687772539724
55.0 42.348466654002756
73.0 57.47204669146769
60.0 44.807528802681226
40.0 44.55719171427374
56.0 36.07678408120737
67.0 47.74790388640674
72.0 47.444225352663835
66.0 53.70578799542504
67.0 44.54922716552267
68.0 42.36894586915621
50.0 44.364527247844386
74.0 47.62851767597029
46.0 42.790680739817255
73.0 50.3647090396704
48.0 47.135652662255
62.0 45.47534089449195
22.0 44.186128997379406
15.0 42.690910873561656
31.0 29.572349473694103
13.0 46.150307354775045
58.0 53.5331333512288
61.0 39.3057033802877
67.0 56.27072362496647
68.0 55.900516941637655
62.0 49.2852800596369
59.0 39.90880741064441
7.0 47.87746565321418
57.0 46.799457721551924
24.0 47.33051045963652
60.0 50.6840031176415
11.0 50.3218316979528
41.0 48.377232747880626
69.0 57.47160743685345
61.0 51.03146746606813
67.0 47.52622978431221
53.0 50.972436290054596
51.0 48.94699700846869
33.0 46.81875255324856
47.0 46.565940221919796
44.0 50.86914414721836
78.0 52.39492688573677
82.0 58.27892455002165
48.0 42.40138364453129
75.0 52.38611849946107
60.0 43.07527253761827
47.0 47.80332086231764
76.0 57.97083307006599
78.0 53.412807769476494
53.0 50.90993504251727
54.0 41.59906481782132
46.0 50.267582353280666
67.0 52.07525506251485
49.0 55.605881534629965
16.0 43.70245069767535
35.0 39.234001305308894
64.0 50.299634653279874
54.0 56.59376727665914
58.0 41.64536836287158
70.0 47.83536622179654
47.0 47.29392928650223
43.0 61.161619500805266
70.0 50.61414984732551
6.0 41.78570807213867
44.0 47.47210180077112
67.0 43.00834114814182
13.0 52.44339825672618
63.0 72.18695568433759
63.0 48.60075763666469
45.0 48.777260691737446
42.0 58.7684818863305
16.0 33.99820914023541
80.0 48.240673255377565
58.0 50.63313171831641
56.0 59.099878861769106
67.0 52.45048108409657
54.0 49.12869619571561
37.0 47.847663037970385
60.0 56.539586759542125
0.0 42.41300691691303
65.0 70.57085625039008
73.0 45.59173972715126
70.0 40.35728152440243
30.0 55.24593936102062
59.0 48.255195698833624
52.0 44.776419163010196
46.0 45.68724207461009
63.0 47.42211454307104
68.0 47.166652722310594
50.0 46.12935780398949
16.0 41.21334736502805
67.0 50.98482504366583
48.0 48.674655220455655
50.0 43.29956703923789
63.0 49.85798301382166
2.0 42.8668761472428
53.0 62.23135280128905
66.0 51.71096511043587
58.0 44.05919028601951
51.0 42.32344471675997
58.0 48.6036966748507
51.0 42.11161893792474
65.0 45.37558464303808
47.0 37.97355849469976
64.0 41.44375380967619
60.0 44.18003950601246
38.0 42.75517943087103
42.0 46.9728066774592
53.0 46.2729904099173
1.0 39.175967496699805
64.0 46.94060690005154
50.0 42.351596324024364
62.0 55.904628751952714
57.0 53.492019679725026
74.0 42.29797615714286
59.0 55.791612006319674
35.0 56.6755264828163
79.0 48.402451555781546
2.0 44.87137968987461
61.0 42.17681407399218
53.0 40.285671206989505
50.0 47.04142341944098
55.0 56.99623316832424
0.0 56.10219057960894
64.0 47.87367131458487
45.0 45.45751623428701
68.0 38.83849264090177
45.0 47.60002524982432
24.0 42.244550069958756
41.0 35.25953227145407
42.0 49.79423277376325
84.0 51.338365484388575
12.0 40.036586750732724
70.0 56.16296203378405
63.0 45.77971498864955
52.0 41.40844291813101
44.0 50.13588347494261
45.0 49.07161132239958
56.0 45.566125182598164
50.0 41.82565521572208
70.0 43.23991848327399
94.0 59.8177704135946
64.0 45.06952585648242
49.0 46.48125248430666
43.0 45.679416834738284
20.0 56.000654867402126
81.0 57.49959177139673
38.0 41.009261718081056
52.0 48.59871927723269
59.0 44.44105308791355
63.0 44.25749215783585
48.0 55.3626473435118
49.0 48.368063971275
37.0 42.11598032385631
71.0 51.69842025019302
58.0 53.94245135901511
62.0 52.147970399652166
55.0 46.52948469959694
66.0 53.83859111957422
62.0 43.423168055784
55.0 49.41098518666662
69.0 50.67029449007213
39.0 49.38338946156485
31.0 50.46997781435481
65.0 46.79075300996128
77.0 54.17997465293988
39.0 46.55202040657259
67.0 53.34184843536926
64.0 55.049207776131674
63.0 42.23704150933013
59.0 51.55976019659605
46.0 49.20935792885782
19.0 45.880750739438724
54.0 54.945010970417286
2.0 50.69045211059885
71.0 44.34474222307366
90.0 54.728083708283386
53.0 49.5548186498711
52.0 50.12953131261653
30.0 52.16228442162855
72.0 53.10805555100084
57.0 49.21041676973498
56.0 46.44837379233034
60.0 46.356103976787686
61.0 42.25857800493609
49.0 46.57930607293732
51.0 52.0027006014649
75.0 55.47638204952195
5.0 51.08015259425306
58.0 41.374504967382066
15.0 50.04013372680189
41.0 35.20910249841325
41.0 28.365667686590562
52.0 41.30985720162456
59.0 47.27115589000294
50.0 39.554686167487624
57.0 48.89520626974298
64.0 59.68298257580832
43.0 41.06635860251725
72.0 47.99724384593919
73.0 51.105384767293785
47.0 43.99624093417036
52.0 44.23534945339394
62.0 46.73437033341981
73.0 51.09679306176017
40.0 52.51309682728617
66.0 51.69433852474899
45.0 59.45381484331394
59.0 51.41028037889597
33.0 43.25568105445594
50.0 48.52199162708706
60.0 44.90757803213041
64.0 62.06759111541348
50.0 49.87901501045052
48.0 36.35734399252488
60.0 50.71868433761055
5.0 60.193006099393685
11.0 51.38385786757621
73.0 52.0604375419336
42.0 50.82834621316574
37.0 48.93872759754448
52.0 56.36540286763398
49.0 39.95388253189472
70.0 46.37232722983462
77.0 46.736710227740666
46.0 47.9889410322595
57.0 49.577819250976525
43.0 51.23721611455372
15.0 52.71396474718197
73.0 49.4094014361479
39.0 55.313380450577554
22.0 47.972601414760554
56.0 43.30455353289849
64.0 48.69243085783706
22.0 40.54810206775
50.0 39.06264833831562
57.0 46.99774754571036
67.0 46.856393424154625
42.0 39.890279258796106
37.0 49.21693033374836
62.0 60.26766839576191
61.0 50.48395181709879
69.0 46.57313548119328
18.0 40.91223239388312
53.0 53.35878651290831
8.0 42.358297990960956
50.0 48.64442243991664
50.0 42.91771779146766
51.0 55.9025949978469
53.0 55.30211608244368
25.0 48.62236343903898
38.0 46.35150522729092
32.0 40.305147630534236
33.0 34.144757257993334
45.0 46.7956600358402
24.0 49.650532522819056
56.0 40.73867139892847
43.0 45.67468913502921
42.0 42.52696494893237
90.0 65.50057352703325
69.0 46.8000865224576
8.0 39.57157674676838
0.0 50.44298788776989
89.0 67.1012789494864
48.0 52.66374641029352
18.0 45.320999697371334
98.0 54.90894193873856
74.0 64.25853572735073
52.0 57.412101816219625
65.0 51.82124326792712
58.0 48.44201071569806
55.0 47.6836519547628
44.0 44.91351932610195
52.0 57.53189011159346
48.0 45.166831426366
22.0 46.58225857574343
34.0 45.45890700024934
75.0 53.04673735710197
2.0 58.8816141017112
4.0 45.326769186736264
31.0 40.28432985837804
69.0 47.759390492328386
47.0 51.83038281821996
73.0 56.10128614865382
11.0 49.87819162140617
42.0 51.90815015259646
31.0 45.82309778948194
67.0 44.06081105043446
36.0 46.89891746850213
46.0 48.63060514037904
36.0 41.91724839060223
54.0 48.03516022856666
75.0 56.568721498265035
50.0 51.61695799739011
38.0 47.12495785441667
9.0 45.58452973816174
76.0 49.47449786471892
12.0 43.27728927571733
52.0 59.49311487297552
50.0 51.42454621618877
50.0 54.02443363732758
59.0 47.0685376895482
59.0 58.88618749093834
38.0 40.433611243819676
0.0 49.74523023615482
37.0 51.82738557664262
73.0 53.79151083945899
34.0 43.36536932513242
58.0 51.44978120689966
43.0 52.46511763293825
14.0 60.07166975123281
64.0 62.55733214727686
45.0 40.696005701410066
43.0 50.31846732003094
64.0 45.451005593133495
65.0 51.79233087610073
80.0 56.68464443227112
40.0 44.54462097893307
58.0 52.56981942246842
75.0 51.73150372424541
79.0 51.80058379807482
47.0 53.29803949175227
51.0 48.36918926522396
21.0 45.79254425173369
52.0 43.43995280718779
54.0 39.89521834220927
77.0 45.10841885560939
66.0 43.367162724233445
54.0 33.25513380783644
41.0 40.29050492535128
82.0 63.02874830476839
75.0 49.25112118852582
68.0 41.50540748708412
51.0 43.06042790921945
61.0 52.236815747049874
31.0 50.40352905303231
62.0 46.56933130997389
28.0 53.939434978594996
77.0 52.23941017349596
75.0 53.69654954668814
38.0 40.08568282071381
60.0 44.188590461856755
69.0 44.51894402409167
71.0 53.303838837398835
38.0 47.63906073048832
80.0 55.63769080271805
50.0 41.910919249137
87.0 71.28115760974777
3.0 48.30397272195051
56.0 46.50807611208396
85.0 55.19313608092679
58.0 41.26525801390667
56.0 55.90898607928525
42.0 49.96978584442922
60.0 49.15669877519985
0.0 61.932462096412046
58.0 42.69252864516175
75.0 49.33813348104334
57.0 47.56657780347519
26.0 47.15756747068609
31.0 43.08391461331146
45.0 43.74105593127812
67.0 50.67376028384354
60.0 43.95838041171351
64.0 42.20151954800138
51.0 54.99411814989915
57.0 36.87962692144901
56.0 55.24184979143777
50.0 50.21494284853536
76.0 46.567804877861334
57.0 49.36369514597119
65.0 46.7373480918917
82.0 52.77457474969885
41.0 37.64830584919551
53.0 49.94421599142031
61.0 52.50015534293118
59.0 46.28324058856811
44.0 50.860094044797435
52.0 53.159076738729816
34.0 42.91243346815812
50.0 47.56551905939421
47.0 41.54583543669215
45.0 48.16063259639707
42.0 43.98096038372799
70.0 38.36039421429844
81.0 40.109847836372374
31.0 43.349324302040706
42.0 46.97682413821074
16.0 43.706735012830954
30.0 51.43527780294031
80.0 52.40722286142111
63.0 44.81618584309387
45.0 37.727668511998054
61.0 43.65403448806888
13.0 45.16073708457703
23.0 44.100718583931254
46.0 50.89682128799408
51.0 46.75318281870988
70.0 47.04634559887578
79.0 54.47357615135278
32.0 50.41389732438717
68.0 37.98601744831925
76.0 56.052713049223485
16.0 45.87627806603535
26.0 44.43158932352911
52.0 46.41215750948642
73.0 50.38599364863762
45.0 47.64969793348718
73.0 51.42599982249207
44.0 50.132394640076875
38.0 48.991825036980025
69.0 46.27057083139037
44.0 46.75148213866384
14.0 48.29309422400818
62.0 61.424247248462734
76.0 54.89712806940635
74.0 51.59280819985266
46.0 41.712792715773716
1.0 47.52327255701354
51.0 47.44054079088808
81.0 55.135851673104476
31.0 35.07205671145196
56.0 44.77029023652664
63.0 57.36959219083024
40.0 53.92872999467562
58.0 50.17421384475303
78.0 40.24188379627002
69.0 50.42444971822231
92.0 59.61898093499607
18.0 54.541111996565796
24.0 53.80451503226848
64.0 41.60918839032947
52.0 39.27811384335142
35.0 55.368293727221854
49.0 41.96239882164111
33.0 44.90938437593631
63.0 47.32862695898466
27.0 43.49056695612092
69.0 44.84116702161992
27.0 45.59720596408474
36.0 42.01481205046692
54.0 60.262609435719725
26.0 43.46242133201745
5.0 40.77549200054096
58.0 42.95240909997077
52.0 44.94865707816017
62.0 48.33539443550856
35.0 43.11510026060594
66.0 61.43787048923735
8.0 60.59359495228217
66.0 50.33225789052643
77.0 47.728205529201624
14.0 56.111442140246616
62.0 48.38463106857632
48.0 41.7530732467655
31.0 44.386444017188936
59.0 40.775829937984795
34.0 39.8758162740662
20.0 45.41969732584465
52.0 43.03442110798626
24.0 45.47345354218134
51.0 44.29867289320757
20.0 47.48775513819401
70.0 48.24120586881565
63.0 45.37768629804624
57.0 47.50509614532381
42.0 47.26139728881737
23.0 47.81209747554781
36.0 48.22519103458649
63.0 52.72862478324982
43.0 57.579105662522906
53.0 48.65278928777505
54.0 41.82790277242652
48.0 40.016461230921436
64.0 44.57102679890665
41.0 44.113115055654156
63.0 39.929933277127084
38.0 55.383393674917734
58.0 46.18738312208829
57.0 55.58126566946295
0.0 50.66630869755119
46.0 53.84404112054047
60.0 51.07313632929038
7.0 41.003010759237334
56.0 53.475772996192184
49.0 55.21509464114637
54.0 52.657917098856245
59.0 48.403734694406644
43.0 49.37734515087437
66.0 55.00683286226165
7.0 48.06621070438727
48.0 54.483035406581834
63.0 45.58415639807791
60.0 51.04259406268526
49.0 37.218828469703205
1.0 47.98607776152482
43.0 47.088285206157174
69.0 57.73709083128827
55.0 42.13681076726244
58.0 63.705698993096554
13.0 39.21251703904824
87.0 68.44896954149367
52.0 44.392894453716956
27.0 42.25503135577612
63.0 43.13179240118381
42.0 32.985947294828335
27.0 49.22478043994998
17.0 44.344118595172496
8.0 46.41769785966927
51.0 56.46340523480138
60.0 42.68610477138322
62.0 57.180748644280804
18.0 45.36817103527293
53.0 53.9015261343176
62.0 40.02999577628191
16.0 58.35371610871651
48.0 45.097279084673374
72.0 42.530179001846655
55.0 49.93088310725819
60.0 52.74033848242786
65.0 50.681467393359355
71.0 59.99959796689111
32.0 47.004709698338765
45.0 45.98285095962783
70.0 46.72636197308142
38.0 42.23493833066291
58.0 47.41007482797491
49.0 40.84854633867223
31.0 47.15142015762547
60.0 51.42278518056204
3.0 44.6260118502498
54.0 49.34134541687384
36.0 51.88331279215214
77.0 46.50722087416572
77.0 46.303036579891966
26.0 39.34663863482702
66.0 50.482036968958774
46.0 54.017091963534476
54.0 44.35960427743192
56.0 52.86323274451856
56.0 42.519157097555045
27.0 45.280549539785305
87.0 72.60345032475227
61.0 48.80407260048638
86.0 50.26442836733565
77.0 58.63867471919436
54.0 42.06440089381998
45.0 41.806654880040504
62.0 51.051263671641614
57.0 44.482169696656776
58.0 42.20659596874136
33.0 49.676053739492474
56.0 43.85770988692566
58.0 46.214692788749026
44.0 38.56902457181307
48.0 46.39688618950855
22.0 49.68247823711898
55.0 46.78731802799633
55.0 51.148424744220925
76.0 39.15299899640595
51.0 41.92847894351626
66.0 55.27786565860266
0.0 55.573081194447646
63.0 47.79968006152094
61.0 51.82569667107892
37.0 46.41692077259245
63.0 42.12876033588231
55.0 43.45182592373346
50.0 53.31640909108753
34.0 51.39387614749075
6.0 47.35007487714997
33.0 51.30916321391777
61.0 42.441165574646924
0.0 46.18985299456687
46.0 46.34366539993111
73.0 49.29470410423672
22.0 56.01799902237853
64.0 52.381660943034824
36.0 53.952076352271874
48.0 51.1063590509672
69.0 49.69080936302898
10.0 48.12807372224738
85.0 59.99338790212774
53.0 46.065713317508475
53.0 45.749587381755084
56.0 36.95007550534423
41.0 36.48288146687488
41.0 45.79963485125658
2.0 46.115945196678624
39.0 47.44323033689401
82.0 40.488418909739956
55.0 40.46478872730725
68.0 52.238384145815125
70.0 47.59535239864406
51.0 54.670140477890484
78.0 46.16803746324471
47.0 53.40615389342811
35.0 46.66065159647553
55.0 50.28256197015792
50.0 47.079196675861446
30.0 53.252263846158264
24.0 43.95767026105853
63.0 51.028914973339376
47.0 45.58199336861192
53.0 49.35253480876771
65.0 50.312792732769175
16.0 52.264917025863
76.0 44.19672953767419
34.0 39.481556273047985
65.0 54.9137355771312
48.0 43.082853487238474
31.0 51.79351683316133
54.0 44.31314211273353
58.0 40.10879579927601
6.0 54.59740400738142
60.0 46.679982426047495
47.0 52.34047245738057
60.0 46.45965549785175
36.0 54.80030805380895
2.0 40.45949840259073
44.0 50.22329177529025
42.0 36.57396337480878
0.0 54.238841023494
66.0 47.0278348577573
65.0 48.17541198718312
62.0 53.55608956849451
39.0 40.696498283824475
69.0 33.70894170703988
58.0 46.763905092776234
30.0 43.930260067640106
9.0 56.11473943413589
67.0 51.306574976861555
60.0 49.197101092232
58.0 53.991014334953285
69.0 44.81595935871254
52.0 49.76866026206181
42.0 52.22345895705917
27.0 42.27538255976256
59.0 46.606360777948254
1.0 42.265995473922366
40.0 59.002719077843715
32.0 47.6506177739324
32.0 46.38288322654452
57.0 50.684823921908894
51.0 56.916030784176414
8.0 52.56327079742848
56.0 47.802026980605554
77.0 58.77389373908377
52.0 43.17802182748938
61.0 56.81934521540188
48.0 50.273698239608386
51.0 51.411227288291194
63.0 47.86016108703644
67.0 60.34766923604243
41.0 45.24782580359998
38.0 48.180402459464204
66.0 50.85644964916103
22.0 37.91564196298341
44.0 56.546002166818006
47.0 56.60621673193051
45.0 49.35665464846972
47.0 49.245810885510345
36.0 41.898578431049394
64.0 46.49864494859855
45.0 46.39517361295992
42.0 47.07825451872113
52.0 49.84300824121399
72.0 57.55877035736086
70.0 59.18187577554384
75.0 49.503580715697815
34.0 51.562059981044605
50.0 43.61032690333979
65.0 48.16252114726018
51.0 38.29546541730375
51.0 54.875682125797326
85.0 48.66610929003867
72.0 51.07472042797445
79.0 50.78990569629874
77.0 55.54856758597599
93.0 58.7100062026014
41.0 55.01151129307637
55.0 45.54057657532807
53.0 45.55074125872802
10.0 41.58550262010474
54.0 40.23136000539973
71.0 53.19527208571001
38.0 43.86315853472557
14.0 52.97690558122003
63.0 54.746901369217774
71.0 49.24589700835675
81.0 46.53578156127936
39.0 42.367824871183316
61.0 41.193701655172866
0.0 41.25302461978874
54.0 44.34339275363488
35.0 33.757060165538654
21.0 53.32919026469133
3.0 38.2389455699819
74.0 46.42475261095749
55.0 39.1009626852207
77.0 48.868692805905944
29.0 47.112861285551766
77.0 60.91500470626648
75.0 47.69951830220151
66.0 46.298426726569275
40.0 46.36612692121256
47.0 49.07952376195036
18.0 53.401693139752844
14.0 54.27687258984383
17.0 47.691330771850495
23.0 41.9686796855564
77.0 54.2559962289697
37.0 34.259880660872575
51.0 48.4447373996205
50.0 59.260767499317545
52.0 47.27509939739476
44.0 50.6794799637997
55.0 40.93795285948537
34.0 44.7985852936351
52.0 53.35299829511493
46.0 57.89931794466515
58.0 50.23271159167529
53.0 44.82461200342302
50.0 51.36548243638395
79.0 46.965215933517975
43.0 39.830811483817556
54.0 45.84135378820036
10.0 38.14925974387149
41.0 43.73660248744376
44.0 47.555665807002235
87.0 66.5068992861038
54.0 57.7411073154309
53.0 44.513057161766234
48.0 48.336471571487984
37.0 45.4724023695152
72.0 57.49959177139673
70.0 57.947350019277714
4.0 50.673087146148504
49.0 47.933411760635046
70.0 67.19707251840448
63.0 44.19832813720779
60.0 59.34933768505748
57.0 47.193377093244116
40.0 43.01874071064339
43.0 50.852254202654386
41.0 55.885619587345204
78.0 53.96547755363332
53.0 45.767824845103426
35.0 53.24512042602118
64.0 48.87911878154046
71.0 50.6939592317873
78.0 41.38808461502601
64.0 49.870719087385446
69.0 40.18396021554789
41.0 46.05247644566501
53.0 44.05093602517191
3.0 56.66432470306707
75.0 50.66204439623724
53.0 39.23283650050039
63.0 53.38444912709728
48.0 39.466612787380676
38.0 51.29296055623708
62.0 56.60589554949166
73.0 42.98763798753202
60.0 39.80446548892804
40.0 44.820515014147226
59.0 48.908444021335555
81.0 49.994801394187284
62.0 43.513015141237666
56.0 50.05620214182442
52.0 45.16898051793869
46.0 51.95125671332175
67.0 44.908774410248434
0.0 43.60559544913723
7.0 49.17082554130677
66.0 53.93689723110602
66.0 50.1603934724072
67.0 41.26314779736226
70.0 43.891330400007895
70.0 56.82010101023445
70.0 51.408927722579996
68.0 47.96203011108784
11.0 50.145265853162265
65.0 47.072482487125804
36.0 51.935402013598534
36.0 45.44776794294638
58.0 43.75833686967756
58.0 42.53916327170155
67.0 51.20612801462911
67.0 52.27983839574308
55.0 42.76317450435209
37.0 49.773753964251256
52.0 48.21783532562835
60.0 44.65710056658728
44.0 51.78315307895045
19.0 48.19458384694136
3.0 43.873145525321625
12.0 50.39607134080658
25.0 39.585087903622956
50.0 52.31923413504746
0.0 49.24652626553357
63.0 51.58316822529748
65.0 52.48962846187856
64.0 49.750535861751736
79.0 47.004545318046816
46.0 46.445813552335004
46.0 48.28760497191549
23.0 43.113016996898615
21.0 48.10544141821929
79.0 44.722218695277625
49.0 43.11876462073931
54.0 54.46452551517993
70.0 50.686387468638806
44.0 50.10752897687744
70.0 48.02541545859709
40.0 51.035585409328185
82.0 55.35247597596905
1.0 49.086269362328075
69.0 52.9610795996497
57.0 52.03176572153786
67.0 44.65555132886352
72.0 52.84509072794102
2.0 38.42844483223289
44.0 52.95489507371368
74.0 49.461467321795915
64.0 49.48568572263361
33.0 47.340843508204046
29.0 37.75704417477677
19.0 56.17017627653703
45.0 48.56120478557593
41.0 45.92831486618408
27.0 50.84509874103396
47.0 52.22331332557717
48.0 54.605133682068065
54.0 47.645791803591855
56.0 47.84719493342921
76.0 46.41123133393187
94.0 65.6935196996358
5.0 48.67203373290703
51.0 40.988741837105586
59.0 54.64991187857184
60.0 45.40056313409623
64.0 47.487996709294954
69.0 56.82280010839273
60.0 46.142794941874946
30.0 47.67085141133389
82.0 42.379213820531255
15.0 41.84368114951999
9.0 39.87611661402379
49.0 52.413314850907284
56.0 52.33000187900481
41.0 49.23223826128669
41.0 42.81752518166432
49.0 47.61608804211236
54.0 56.15224169259071
47.0 56.25885400113271
44.0 54.65210590216896
60.0 56.47657581743293
48.0 46.660662462969256
49.0 56.652849512285634
75.0 47.45501743241946
62.0 46.175009881544675
52.0 62.288599414033854
47.0 43.89874741365721
66.0 44.58753851091965
49.0 66.1487595336166
74.0 44.707239523458945
23.0 40.200454077960686
44.0 53.084616041848065
61.0 45.63115360957815
69.0 39.501130553399456
66.0 49.87834635173946
55.0 46.425038225337545
62.0 49.3952958907468
51.0 54.25779005603632
63.0 44.96914457680814
2.0 41.37948335391119
42.0 41.74500608144188
49.0 43.78803247342457
66.0 63.23339736254867
63.0 46.37340785149676
18.0 44.66734850572079
23.0 50.20000145371051
54.0 42.010620511887716
13.0 53.538121742664856
16.0 39.261988899379006
41.0 53.200371573710505
77.0 48.23721647459723
70.0 41.23624933525302
43.0 45.177457406808905
24.0 42.019707988599116
51.0 37.78075824140717
79.0 60.656544669426374
43.0 54.61451230066246
39.0 45.90538303618232
47.0 49.45823587561977
44.0 43.05944536728014
66.0 54.39208804523546
83.0 57.272755019399504
68.0 49.440653555221715
59.0 48.38404089426251
69.0 57.86051212749216
27.0 43.06589968874684
67.0 48.82109625687642
85.0 66.81027664496503
70.0 40.72681577142488
44.0 49.24722025505851
6.0 51.71107028189592
50.0 50.37954000445296
23.0 49.32748896131765
23.0 58.82045718601579
41.0 53.821010883242884
40.0 42.715631201994775
50.0 52.099687178075804
58.0 49.54382582925151
64.0 42.39578212522446
66.0 56.75285755158434
27.0 73.33579742342731
23.0 46.2605174331147
37.0 51.63824842805581
17.0 45.05160394143868
73.0 47.30313619759094
51.0 39.187007119172
35.0 46.54300883223295
48.0 49.11940221179428
56.0 43.74911347461856
56.0 48.055258150566644
66.0 42.24563280552142
66.0 49.29460529000088
36.0 46.64086360009927
49.0 48.54223174937088
61.0 46.8662129822112
14.0 43.56310086605315
44.0 46.70559917628993
1.0 48.16628035671182
61.0 45.717191099076466
72.0 49.54730755323781
53.0 46.09442731783782
70.0 43.51266380706563
11.0 43.56059306792721
74.0 48.94985380424229
47.0 56.237022868860244
41.0 49.10618680697322
74.0 55.15685748118725
61.0 44.0731021255116
56.0 55.09808702057735
59.0 50.17252320200467
18.0 45.0965736993962
51.0 49.79597296236387
75.0 49.82339080068949
45.0 49.271213130761716
60.0 37.56857695175548
8.0 48.21480453295408
12.0 51.810005051899374
62.0 56.31017857253767
92.0 60.63270526550378
68.0 49.51679491520575
59.0 45.265500981514606
54.0 48.710736556397755
88.0 86.47260660056806
24.0 49.914851400679545
14.0 48.40717903874538
45.0 43.99919050386015
62.0 49.872175319299565
46.0 52.9331432191151
0.0 47.77410986449622
49.0 37.02863250787113
78.0 46.0627145481508
43.0 68.65648690210233
0.0 41.817118332234074
71.0 46.56535475792419
26.0 47.55698659014285
75.0 54.91252829801491
48.0 42.80889222898821
81.0 49.46470659905176
68.0 45.90979637406612
58.0 44.41567993971854
60.0 52.77129504823165
20.0 46.85326886117823
55.0 49.14206369795634
39.0 52.14053371823203
51.0 47.83334512698842
63.0 49.9746234052417
12.0 47.811746878081415
53.0 43.77970899152498
0.0 47.07835893458481
86.0 51.663617662229846
42.0 48.480040504687985
70.0 52.76904550317535
52.0 44.28631017239446
58.0 63.34538655002847
54.0 58.35606944138748
46.0 38.900735903808354
74.0 53.44921564855997
2.0 46.727885490972625
70.0 57.042537814425145
53.0 49.52503267673975
46.0 48.27168892305375
34.0 50.64138038071449
47.0 40.77796073528781
69.0 52.29885217569264
69.0 53.46476895617525
57.0 50.19628619827308
64.0 57.96391728185368
54.0 40.182348921391444
82.0 56.487736787572494
35.0 48.703552190121606
29.0 50.08983348878052
80.0 53.508899561745686
0.0 64.54758802535638
69.0 48.17853970436797
19.0 63.99332151523648
62.0 49.407604161925825
63.0 51.14996326087172
66.0 64.42490791435978
47.0 56.629327383970285
41.0 41.85803516929609
67.0 46.57731146215141
63.0 42.82217789494036
40.0 47.35692311140388
12.0 41.25572991458976
47.0 42.464421779876005
7.0 42.92907075751665
43.0 45.07958097554614
47.0 48.962721409131326
42.0 46.975887790500614
55.0 48.39625157648769
60.0 50.14288158302602
45.0 47.80881116412446
61.0 41.873803474118716
14.0 55.15533484648495
44.0 55.21536516432649
55.0 53.529155764485004
58.0 50.569408233531895
77.0 51.89565886506602
56.0 47.449685165553085
57.0 54.278677787771734
38.0 44.7716193921052
38.0 59.351782766041204
48.0 53.36407235668947
52.0 57.41126589611911
51.0 48.991145218844075
48.0 40.791082604331386
69.0 42.400159848216155
64.0 48.10770093297575
63.0 45.72137255207863
29.0 47.11850992761075
1.0 56.170176587244896
49.0 61.393715882120944
38.0 41.77930349560851
49.0 55.31608273561552
58.0 41.56340111479994
43.0 48.771432615034065
61.0 53.028355011961615
38.0 43.28343118612974
45.0 43.20885313642431
37.0 36.5611374623799
33.0 48.99512717112593
42.0 46.96537473393164
63.0 47.16898077779274
37.0 46.29177968273247
57.0 41.17317819335273
50.0 58.870050448424216
59.0 50.20085609039372
46.0 50.63425072581381
70.0 50.822816247671895
51.0 49.40457764072118
48.0 43.80376403667332
65.0 47.99811637352315
87.0 48.860699198702896
16.0 54.19050736920334
8.0 42.3333465173317
31.0 42.69423457657633
46.0 50.189807257519476
55.0 60.36214074420798
9.0 49.83531460569811
75.0 38.700382853668934
69.0 51.58281472903087
62.0 44.86036940614768
34.0 38.093003453414276
47.0 43.39776562451955
68.0 62.42538374949867
66.0 55.721740077396596
39.0 43.477606787881
67.0 56.7859116445295
55.0 54.02224299871303
42.0 43.339680142071764
27.0 48.473224731067376
69.0 48.78744270111971
68.0 55.96188083253836
77.0 64.69624075738305
46.0 54.14695100511458
51.0 41.90866939958829
23.0 47.38495925943177
78.0 63.708912174223116
56.0 47.93852100084151
33.0 46.1191936969474
62.0 57.119573414817715
54.0 54.16076249508836
0.0 48.49388666514022
43.0 34.61118830081225
63.0 46.99434804988466
40.0 47.78830095391666
77.0 44.66185115080706
44.0 54.8040932147981
54.0 43.72564488012545
71.0 50.05256051405606
43.0 52.98402830660962
38.0 52.20515419779151
29.0 43.587400259985785
49.0 43.6399243477621
2.0 44.36789897025089
11.0 37.95256041962649
55.0 49.80548261322914
42.0 57.100414927182946
54.0 52.68099906475969
29.0 46.19534690442974
57.0 42.146441663431474
50.0 51.11817842863766
64.0 42.646563531357
30.0 37.74302655013505
60.0 55.718474185211925
58.0 47.277169248545654
63.0 59.67331754656965
69.0 46.132913859692025
17.0 53.26514963677465
50.0 39.74552925498413
56.0 56.03646283730372
59.0 57.90179522843584
53.0 57.7583260960238
62.0 46.7228989933535
74.0 50.718012754174445
42.0 56.78091386820731
57.0 51.176818198738
45.0 40.35211318436516
69.0 43.64632448888049
2.0 46.30393784651507
72.0 49.13780768078306
48.0 52.832299777425035
61.0 45.08093668355193
24.0 40.41339579049748
71.0 51.568963924905226
73.0 44.220028726706
75.0 48.839758327110566
32.0 45.667702652891705
81.0 47.07468647248053
51.0 49.22305657456579
48.0 49.48127360353145
53.0 35.702114735010596
56.0 46.781752138889416
27.0 38.79149970056199
40.0 49.072020440752716
49.0 56.09307323612004
40.0 40.405681588393286
49.0 44.665961147098194
63.0 62.008918070490004
53.0 39.505401603187366
58.0 45.551357485825925
69.0 49.34284692796859
38.0 48.39630461375763
47.0 62.484773320746
78.0 61.044780745504774
47.0 54.061594886035415
67.0 56.04256862071111
33.0 40.01186153326851
42.0 64.51818428163226
39.0 40.52547078448955
74.0 50.387865266670914
29.0 43.232003099417085
24.0 39.14699782342737
64.0 47.551641276667205
5.0 47.21392943009044
60.0 45.87014415743001
68.0 53.31677878308784
49.0 55.30648600367474
48.0 57.6646810870299
54.0 48.60024027729305
77.0 52.14536491633645
39.0 47.75872238720483
89.0 50.78249924716018
11.0 48.511696999152655
49.0 41.800258499286166
32.0 42.234017599041664
53.0 37.027104908964354
50.0 52.2872181356962
44.0 47.913106569493685
63.0 60.23545704325601
33.0 47.61519442712498
46.0 54.331715318657494
62.0 51.38021764032846
43.0 39.37962960080898
57.0 44.691286383396
52.0 48.06474683667757
81.0 56.1212725974513
61.0 47.130257887605474
15.0 45.71160317523573
52.0 54.32016149646878
66.0 55.269145021872795
62.0 53.713007164133735
56.0 53.58282183142527
48.0 36.40732711372206
37.0 47.05533460073519
56.0 52.185819214976995
5.0 44.73289139111064
8.0 48.16159486716476
43.0 41.462062413038744
72.0 39.29821024928337
49.0 32.61903640035306
75.0 56.26197871380089
52.0 47.84504718964185
60.0 43.90168027990765
39.0 50.00369013280491
20.0 41.261966112116994
64.0 53.784113365160756
34.0 61.27198445150058
59.0 51.14178945778884
54.0 43.625437608243466
55.0 46.44788313017951
61.0 57.453056596554525
72.0 47.81818691427252
52.0 42.56253133595147
54.0 53.38308583374158
65.0 53.255842627707615
44.0 36.82955895201878
66.0 55.03038129614469
60.0 42.535820748614675
72.0 47.034846767356704
64.0 54.04908004727938
81.0 60.33181885324999
6.0 50.01264164446875
27.0 47.825722333026654
51.0 51.35199123524543
79.0 58.381160454231
61.0 45.72947047359805
61.0 43.794480156308076
67.0 46.772108526717325
58.0 37.32060002931819
45.0 44.11714975883481
1.0 54.32417590124182
39.0 61.282334405294236
63.0 40.54135757862258
34.0 46.667248436538685
67.0 44.263937064334925
60.0 52.91085437041715
10.0 48.712226207623
11.0 44.4631248908138
40.0 42.715987504932194
1.0 45.55501551229502
67.0 59.34983885915603
0.0 50.62886826850154
63.0 50.29775258416271
55.0 48.12065820703757
54.0 46.32120785955741
39.0 47.37112023410581
57.0 51.315246078927494
5.0 44.46849730756353
0.0 49.72738364723357
36.0 44.84527452252114
37.0 44.971724666408555
71.0 57.543881704326196
65.0 60.029945517145855
57.0 52.0097686935724
23.0 44.78729028150786
63.0 44.35133185380163
34.0 50.52592478310276
41.0 42.58987099863453
65.0 43.33483328200286
59.0 59.27612006382871
47.0 50.04412671068807
58.0 44.87996400699371
68.0 49.62377973537234
40.0 52.242047872071986
56.0 46.541093569178194
42.0 53.03639586479212
61.0 35.95831307005381
0.0 51.38587477635699
50.0 48.558969796658296
53.0 44.833171756179205
40.0 48.57004704817458
45.0 48.70047465839
56.0 47.11097804344325
35.0 37.42581935598433
76.0 48.148876058209275
60.0 46.68332681460674
47.0 46.19042382507127
40.0 56.52321873788803
48.0 51.02496688333399
68.0 56.696816378124204
67.0 53.01755586370245
54.0 50.58223098771733
0.0 45.17241597587557
66.0 47.42308462752455
60.0 49.755770764065645
7.0 41.47535760741251
0.0 45.37816147919108
11.0 58.38062388781494
64.0 49.9863267123357
56.0 47.96088480380943
15.0 63.98765940570312
61.0 55.98313304793171
52.0 51.43380893128029
72.0 57.76906818232168
39.0 48.57428624069954
25.0 40.394760271598045
53.0 39.99602768051754
39.0 42.18513215787211
24.0 49.575601052698936
58.0 47.285057887786856
27.0 45.585765637084
46.0 41.83847882362495
0.0 49.86870238769328
57.0 43.513020826742924
71.0 40.78254109110991
39.0 40.59741469083412
44.0 40.28513414710583
63.0 44.431505671161446
47.0 56.45304522463773
2.0 56.67992105133174
84.0 47.782232211399275
56.0 44.17395555713466
58.0 42.23718306206847
17.0 45.85186095995811
34.0 54.737855066618515
1.0 58.511076951980336
1.0 48.83036329055629
0.0 43.27575843925154
67.0 54.45129555149687
55.0 50.10739461434248
26.0 44.90941865508862
68.0 42.49124842158938
64.0 58.64170493627574
71.0 48.88436252083681
53.0 62.544572946006504
70.0 40.03146282021788
63.0 44.15424248868184
54.0 56.45935153114664
61.0 47.30103551302053
45.0 49.84342442564178
2.0 41.794998924079074
53.0 49.56890315719124
42.0 48.18371468902038
62.0 47.58230376070882
51.0 50.11543204798534
16.0 50.89261993906475
66.0 49.01323160149575
66.0 37.83611953084529
42.0 40.509254884320825
59.0 55.87586385895089
52.0 44.616050075759524
75.0 42.26396434189902
68.0 54.9419868901563
92.0 59.51866191520754
57.0 54.196848127588744
74.0 53.10541263817014
65.0 41.675907226107505
46.0 51.46986903879519
52.0 56.620207671367815
62.0 45.16654075700412
72.0 54.06100083083571
63.0 60.3371333324769
46.0 41.3185249501901
36.0 44.11719038515495
66.0 48.524011384497435
60.0 46.045347335574995
37.0 44.12068559505588
63.0 38.859915117709555
55.0 46.85191822298034
56.0 52.20158413566907
44.0 49.76511356953145
65.0 41.48120202386302
77.0 60.334999606783754
62.0 49.99596751533097
38.0 49.05822121876282
40.0 51.1366623800052
59.0 40.12877006662346
33.0 41.10129393652253
55.0 49.746303874131875
60.0 48.906338209121806
2.0 43.16623320012515
30.0 43.42738048409438
30.0 52.49586304360975
43.0 60.21152264550958
49.0 44.13148469306534
69.0 47.02934625446249
84.0 62.993603921898575
48.0 46.761280581168926
29.0 42.330312782449084
56.0 51.340022491338296
47.0 49.2028811283512
58.0 36.81343962778346
55.0 49.39379736892223
71.0 49.056469087721986
60.0 38.342091432453124
82.0 53.83190765541604
64.0 50.00282787030388
36.0 39.355571907049445
36.0 47.936942658055166
54.0 38.83093569999638
77.0 46.35452565689028
59.0 53.03031436068128
41.0 38.96831934891836
57.0 39.783047380046895
61.0 44.86793568733159
52.0 50.92685879042133
20.0 40.24348569260015
53.0 47.61676437290695
26.0 50.77241414252417
47.0 47.75006812105291
63.0 47.75306819113055
6.0 51.10682463844886
76.0 52.84640101887529
13.0 50.18586324795876
54.0 55.56035345199796
57.0 44.273178004329715
35.0 45.9554830939012
47.0 49.562235078573714
28.0 40.73080629649531
22.0 47.782925276346646
63.0 52.386342440162224
84.0 45.535833658187485
24.0 52.56363722996901
16.0 41.18604208874965
73.0 50.531990837352126
68.0 46.6333245573408
46.0 55.89609414743402
55.0 42.87991265529151
52.0 45.71409189904816
44.0 47.15147374348765
84.0 53.95953046198412
50.0 62.55335774810588
56.0 44.308741653925274
72.0 47.18156077860367
41.0 39.433231353407415
67.0 58.44343565655715
52.0 56.047667855931415
44.0 40.065896015885734
96.0 52.504209342134686
64.0 40.644356519885605
47.0 45.2599580466436
52.0 44.517491432903306
71.0 49.87799943450981
46.0 49.21093830446264
59.0 54.37443618734233
65.0 42.816395448684254
71.0 52.69550081697498
79.0 49.23623842205922
77.0 43.74905254686171
76.0 58.88792343844612
68.0 38.51284708591623
39.0 40.074787245017205
73.0 54.63839127158712
67.0 38.15064508881161
39.0 48.12393411318317
90.0 60.046465565121146
63.0 54.5455124249917
35.0 38.19980709894518
60.0 44.05821273337812
73.0 42.872694186127774
21.0 43.45347325777433
18.0 47.10287649848494
7.0 41.847813198668554
57.0 58.148919394234895
61.0 46.47393290273352
1.0 45.67523336001422
57.0 46.79522924216831
53.0 49.886154802056275
58.0 46.96273761983218
67.0 56.74802547776087
77.0 67.85022373244657
54.0 42.52805194902027
56.0 64.34385941487692
42.0 47.770409475580486
36.0 37.576452295742754
61.0 40.70437258700483
76.0 51.160033454399645
33.0 45.25483091756623
25.0 41.89739366635724
59.0 39.93387756453368
64.0 53.760479192704956
68.0 53.3620742701605
58.0 49.58290740007754
71.0 43.82859285429023
8.0 42.406271129878796
72.0 47.596838669595535
17.0 47.02099053491562
74.0 54.82791966352713
23.0 41.63663216414787
67.0 50.39620345669568
82.0 59.981166005068935
58.0 61.740543216845914
0.0 50.23716225726851
41.0 37.18665251186717
8.0 57.251847373432206
77.0 52.38856176855018
44.0 40.642815202295175
65.0 48.68053957800435
25.0 52.29248538384673
72.0 44.602138512773955
66.0 44.11215472186918
65.0 50.98121878651691
71.0 43.19123397337706
48.0 42.62498927226049
19.0 53.980273528329825
76.0 48.51496964686603
18.0 40.47842235861362
54.0 46.73906304277086
59.0 41.43328960011055
1.0 62.18744113164647
83.0 47.31276190413147
32.0 42.42576573659162
80.0 41.99952455925028
3.0 58.817364298836054
10.0 51.511446075941244
55.0 55.59065554922418
43.0 43.97496160357765
70.0 55.806414595352784
62.0 49.32783739015885
39.0 52.69753154677219
2.0 56.05056081401838
68.0 64.38452020964206
55.0 42.80137605800022
53.0 49.854453528738944
53.0 44.41025719291124
69.0 45.259347630591535
36.0 48.77935678240095
64.0 40.65618730702594
57.0 50.08576872975402
41.0 44.95184957640111
71.0 52.15612137857641
31.0 47.32345230666747
58.0 61.08108878646484
62.0 51.33871552294323
53.0 47.43059119004309
22.0 52.87873242355173
14.0 48.365243097766886
48.0 38.698583969528876
77.0 50.48400629879506
0.0 44.13819891540991
53.0 42.127459393763154
18.0 41.37285214575767
64.0 39.353684539857326
79.0 57.0346309736233
64.0 54.93423538214885
65.0 42.42530482264157
55.0 45.01515616551858
86.0 59.20969215102357
72.0 46.43174884497261
60.0 50.2067171898581
47.0 50.08538900281531
48.0 34.93371988254618
60.0 60.82638388281415
30.0 49.37799741942785
58.0 45.95669035059636
49.0 49.81125615551243
60.0 41.156798192104624
66.0 46.103082575709784
51.0 53.61492000096364
50.0 51.83772940959756
24.0 44.10237093170824
84.0 67.26279999795669
62.0 42.15233003125505
49.0 48.49874467075489
58.0 53.62817746273573
38.0 58.49878626219812
66.0 54.216317876906146
51.0 43.41860831771423
67.0 57.0541376027063
38.0 45.220426667560815
36.0 38.55070800751266
5.0 42.49134229722719
29.0 41.74965820366275
12.0 61.22304247988899
73.0 51.9766637703574
9.0 53.352525537735666
8.0 47.571537849982704
25.0 41.09732406897522
1.0 51.88979429451198
74.0 41.463316024672785
75.0 52.920396993431005
0.0 50.54867584356871
47.0 52.01352830564419
33.0 51.50479364195771
62.0 52.74127058137122
46.0 44.3216287547747
40.0 47.124567115175196
74.0 49.56360855403612
47.0 44.309339366386915
58.0 44.23537668893153
69.0 51.32959642112463
73.0 49.01996246496768
54.0 68.75014911591067
0.0 66.2985576949652
77.0 48.85980019955989
0.0 53.66529330895191
38.0 46.3892392750867
45.0 54.57183079467925
86.0 53.207266229805946
59.0 46.2126584167722
63.0 61.357977396464555
83.0 53.30294077458281
65.0 47.68444047742555
63.0 51.44064763074355
27.0 44.929537659978664
12.0 45.31616526025574
72.0 56.22941960443247
48.0 49.24033194175025
17.0 49.10463643364928
38.0 51.84846674960469
4.0 43.84402932724672
19.0 49.923722590887955
26.0 42.98215165717366
32.0 39.98386371271395
86.0 47.6833609369388
44.0 55.47054569149578
61.0 44.88731378094882
61.0 52.83540693919995
63.0 43.72358907236628
36.0 55.93971061542261
70.0 46.113045543653264
20.0 36.73378865256716
69.0 46.586530488269105
76.0 52.04429614901453
72.0 47.815766366597906
5.0 41.25295825974799
58.0 50.53637607737458
16.0 50.14071055894767
49.0 36.5175317964484
40.0 47.07858815387582
30.0 38.41466425416261
63.0 46.44499104279398
1.0 40.399833503269406
57.0 44.82221380116954
9.0 56.95683247244724
45.0 39.20226109214567
44.0 44.4253573256956
76.0 62.06722811595026
74.0 52.40733610361177
19.0 45.4996820079108
43.0 47.00157934498053
35.0 52.99759573826766
68.0 44.659166299912265
42.0 44.87329015126507
54.0 47.371461872785765
40.0 40.3361395329325
61.0 58.847824041298225
3.0 45.222221155740634
70.0 44.77418551107635
36.0 46.41611778773089
45.0 45.804171274975424
43.0 43.67590491088732
81.0 53.25658837559678
65.0 43.953222615916125
94.0 64.87030967854065
70.0 63.39554166058294
50.0 46.48449122972854
2.0 44.45835777679897
2.0 55.75180431585533
7.0 44.51846465435681
53.0 46.27832745220095
82.0 44.58870735371253
75.0 43.54257453031943
70.0 52.72962799424159
74.0 49.53540676964072
65.0 41.63275726599291
47.0 53.81357018160697
38.0 44.388693150122016
46.0 47.416284426968936
41.0 41.262722963355465
63.0 44.18084963624474
44.0 42.87496359727907
68.0 50.177829488150316
32.0 51.788066846164206
52.0 47.99822204136593
54.0 52.25298209193863
62.0 37.0326454288464
24.0 52.638593973840756
69.0 40.893327819700225
69.0 43.54550940882674
53.0 55.289558794420195
77.0 50.047085304062655
21.0 44.06574194362408
58.0 46.55797748210374
49.0 45.04944774761773
12.0 46.62759326109223
52.0 49.48870823324316
52.0 43.145192516358996
55.0 47.214438104233885
55.0 38.93611238766078
62.0 41.9164724216787
60.0 44.96050444133899
58.0 46.59559025130546
79.0 41.32593030662556
50.0 70.60258820750397
55.0 53.77288226071223
36.0 49.42830915859411
45.0 45.662867296377186
73.0 53.806983781695486
62.0 41.04006125842497
56.0 48.88304534608521
77.0 49.44844676227735
75.0 58.36931451357474
76.0 43.75376137596894
45.0 44.822177989656204
52.0 46.51052762299282
53.0 49.37574644730735
59.0 53.106930544036025
43.0 45.75219852613931
63.0 64.61695993108547
23.0 42.56383889063036
22.0 50.113829006281875
52.0 48.42956632471199
82.0 48.371033086773856
61.0 52.135782993500094
23.0 49.1384798270123
78.0 57.08031532947786
24.0 48.82551173714114
34.0 44.92001828865617
76.0 43.85286333181434
29.0 49.45948712030838
54.0 41.298455736074494
43.0 48.052650320714896
80.0 52.585081955235864
59.0 39.19357721445988
2.0 41.435693692199
66.0 55.69050573238389
69.0 63.86738767920791
43.0 28.95372021449075
17.0 47.95947023118967
58.0 54.0890635360735
55.0 50.400478415040524
44.0 50.84341797500863
51.0 47.05581663953886
28.0 37.664882323922676
64.0 47.93808095512271
44.0 42.380429565867395
70.0 54.169459948507544
49.0 38.10149541439984
68.0 47.26557413658508
73.0 49.16774355225126
62.0 43.28579959338229
77.0 47.06397936100274
47.0 64.61599791789214
53.0 47.98905530670794
8.0 45.80113964222203
63.0 48.930487084656185
59.0 49.91163251703794
3.0 46.30444604562515
0.0 42.26222448448039
49.0 51.68701448029292
58.0 48.121905460556015
43.0 48.06505204052062
18.0 51.440813237227296
25.0 51.46735123485479
65.0 49.748345817642864
37.0 47.406867693358826
43.0 41.48498839062215
27.0 55.73265062460519
88.0 59.894012903388365
45.0 39.192814638330915
33.0 54.76436298543619
56.0 57.77113887851899
44.0 51.22598432391623
37.0 43.06637214847283
66.0 51.071398372651174
38.0 48.77353544151383
59.0 48.54742453278544
53.0 50.356422618678884
77.0 56.174659070605294
61.0 51.49844860828592
69.0 50.175148410705084
76.0 54.24132491191079
88.0 56.66464764467624
34.0 56.83081100855707
66.0 45.784934020699524
13.0 48.97426061654381
75.0 45.65301508086517
61.0 49.16443969496309
45.0 53.93830107664875
55.0 50.78907813463385
74.0 51.09927788002316
29.0 28.745706280778727
71.0 46.69983528902756
0.0 48.53564599369172
22.0 44.847266177884144
52.0 51.29377993415549
43.0 41.92812081375448
31.0 43.217726100944965
2.0 48.644137240500015
34.0 42.26017056552055
23.0 46.95770891635457
39.0 47.70192163845892
53.0 52.01606759883172
68.0 54.03836945348773
0.0 39.665210134680784
41.0 43.56296115580583
54.0 58.136009428400634
71.0 46.148400357523805
3.0 45.80271319317102
57.0 45.049017480454744
78.0 53.680936123967136
53.0 43.965333119829594
34.0 43.859846913875046
47.0 52.92636017743036
32.0 46.06451055621701
70.0 55.461576525630626
70.0 39.2138030778605
16.0 45.631667417468314
55.0 45.39608781808264
10.0 45.47423466222357
52.0 50.30572541580555
14.0 42.33386855447557
51.0 40.27603773518283
76.0 38.20287926026473
75.0 45.204725252247876
28.0 46.68092627224368
48.0 38.68782188973651
56.0 42.14125103599794
5.0 46.83637278606364
36.0 43.63585272553646
39.0 53.914648533917386
56.0 50.58713672463583
41.0 46.742911611502784
45.0 47.69231563133657
17.0 41.10092569420767
57.0 46.21887505976749
24.0 52.974103934998276
57.0 45.5790663908763
55.0 50.83856862730888
47.0 41.65285363674956
44.0 46.35187378342453
54.0 47.99496894516201
69.0 47.28647356196289
63.0 48.00809238601875
47.0 52.55453535065017
74.0 50.301536684510474
66.0 50.5595978190432
30.0 57.30089943096231
19.0 49.755032095271666
62.0 54.51598702361909
50.0 46.97268287920928
15.0 50.62811207797609
79.0 54.62523109177103
62.0 51.72532964424963
46.0 44.80677660443712
26.0 59.74698113130862
39.0 47.62698965436018
45.0 52.55511998835134
45.0 40.12896003783028
62.0 47.58490296640832
6.0 36.166845494245386
41.0 56.75967912270159
38.0 56.70443492379582
47.0 41.64517297875893
2.0 43.86198563184182
62.0 58.92257334428082
24.0 46.485500627030866
50.0 37.87380438255945
58.0 41.181476513401314
28.0 45.824612675679376
61.0 53.15603939944595
45.0 39.41812826909291
32.0 52.631270430818276
50.0 43.20989943704688
54.0 50.37301323661481
51.0 40.50163681166249
73.0 66.83215036726598
74.0 44.59380101702776
52.0 51.90353469385449
45.0 44.94234238905144
57.0 48.179727014773455
60.0 53.59353070852776
41.0 46.37450781239965
59.0 46.48784146899718
43.0 45.291889625346236
41.0 47.00713670907248
80.0 49.720101609306454
48.0 49.275920600585266
39.0 44.42376430948211
52.0 44.87001089851358
13.0 40.94881149916316
57.0 48.68362414307257
35.0 39.74590136206914
39.0 43.34774767606135
31.0 59.876453813995745
50.0 48.50160744579539
47.0 49.58989070199789
63.0 64.08195336372613
43.0 52.81193398381258
60.0 47.03969282798919
21.0 46.781304432113195
61.0 48.87869012604846
26.0 45.310786809913644
65.0 43.47787621386772
49.0 46.986737419556235
62.0 53.03601819337755
1.0 54.39334213437606
44.0 42.5227107922012
68.0 52.71656610745341
71.0 56.096005519712854
65.0 53.89211498844646
43.0 48.98625621896394
74.0 50.58708884133889
70.0 40.44791527972921
43.0 46.13719853970178
73.0 50.57433576273724
76.0 49.97695203760758
58.0 46.838777189910765
49.0 41.82068178763258
48.0 55.72757162823638
31.0 56.85410566339501
65.0 45.394773024461344
0.0 53.767810690694176
45.0 52.014997748923776
69.0 52.552392143967595
78.0 41.2106578629997
48.0 35.522429680322155
81.0 51.70758500721298
43.0 46.1268259901635
63.0 41.08014059466914
27.0 42.49453364519302
35.0 38.3650650815883
59.0 50.568693501283505
58.0 51.32452248832171
60.0 43.9384905301791
53.0 47.517987216236186
57.0 40.4990964124226
50.0 43.165278815271385
54.0 52.69156172565781
1.0 48.59917920205044
63.0 47.455120078193836
35.0 42.46032190035114
60.0 58.415781394666745
48.0 37.481893766913565
65.0 38.58609236207902
23.0 49.54719679786068
52.0 53.38473679154283
61.0 55.98839154524208
14.0 44.05115597232291
55.0 54.62078589404971
58.0 46.76180452028801
26.0 40.4712285223786
12.0 46.73455637882047
15.0 47.07853698702346
66.0 49.260002216128406
55.0 39.63416841542952
60.0 42.59345294279984
47.0 44.50943325329779
0.0 44.403388247690934
20.0 51.61072057665469
23.0 45.54051217393127
20.0 49.657927751704456
59.0 54.8988249947217
47.0 42.81324474817822
38.0 60.454915181781324
45.0 49.637160289521276
50.0 54.25048706313034
53.0 41.40451466207207
48.0 55.34094219104421
40.0 44.28684677352185
54.0 52.85362683572308
51.0 58.106035735176135
33.0 42.861983265733265
61.0 47.17614063833515
39.0 57.240880730514284
64.0 63.52580899470422
54.0 50.58391508024993
26.0 44.81209438752192
43.0 48.88780394066068
45.0 38.91470060244546
28.0 46.996216216729174
71.0 50.25510601071325
31.0 39.52997175346264
73.0 57.42136491517051
74.0 50.17376163945741
19.0 59.47401050148553
36.0 54.704970759670324
81.0 48.62412203191328
35.0 52.32662172150742
51.0 45.62315264565797
68.0 42.81192600901726
55.0 46.24383530342252
53.0 39.78798773990843
58.0 46.90406122297121
29.0 44.50521100113791
72.0 55.846424892293875
61.0 42.02513463381853
82.0 50.295706347693745
62.0 43.420468465325875
76.0 48.85491069315332
52.0 51.02598292926722
51.0 44.70871355622716
60.0 36.61182549272214
31.0 50.23816352611222
5.0 55.20158969336592
31.0 50.95457368167853
54.0 48.31607604455525
6.0 55.85895047976784
48.0 40.754515630773774
47.0 51.094858371074494
53.0 42.497383964396626
71.0 55.63880080728412
37.0 50.83342967715611
64.0 55.68488690486057
1.0 48.553640795302535
43.0 44.47800244801879
70.0 52.201360082997404
53.0 48.45529786902414
62.0 56.225699383912506
60.0 44.66825540207684
64.0 51.36164702880948
74.0 47.14310051924058
26.0 56.59258316322106
20.0 39.70079998440436
46.0 56.243088437664554
53.0 51.255116127354604
82.0 47.98914159228125
37.0 42.61704858294812
72.0 49.03023013333365
66.0 47.49753608848355
48.0 61.67312928677435
56.0 38.59343445565201
53.0 51.449638557020855
73.0 56.347596558219315
77.0 46.60537192969915
38.0 39.32287289503297
33.0 42.32697754628307
82.0 49.66849535379243
45.0 43.24397582428109
64.0 48.49242310415411
61.0 50.64080324902556
64.0 42.09496054379273
63.0 40.63315820700818
64.0 46.094113153534465
61.0 51.03701613588266
38.0 49.24425878937836
39.0 48.56981107653856
60.0 51.410651452348404
44.0 49.53840028776845
30.0 51.55698189590083
43.0 44.16219785406518
50.0 37.84741387251913
58.0 50.0556978027003
33.0 47.70561433907212
69.0 54.990097461928535
65.0 55.32787375175968
70.0 36.062160265982364
73.0 44.38028501762911
2.0 41.165900035450086
25.0 51.15404229109169
89.0 56.520194246751075
30.0 49.41939660901995
40.0 34.38136233595073
55.0 38.66127488629558
61.0 52.11091996447768
67.0 43.541824018748436
2.0 53.35159318177213
46.0 49.0688476504721
73.0 46.616994926159485
62.0 54.04223898785276
55.0 50.53863820532176
0.0 48.97656609496122
47.0 45.663674946822134
54.0 58.35606944138748
36.0 51.712240473799106
52.0 55.757771892636306
55.0 35.54006363898815
37.0 50.49928146655213
46.0 46.20853223582004
43.0 52.864906669381654
44.0 39.11544156887164
54.0 37.48123312712301
34.0 51.559550807607614
28.0 49.79968220780446
6.0 57.108961482430324
54.0 56.67796159481761
55.0 40.865168656463744
68.0 47.52759538226395
68.0 50.03929468674041
29.0 54.351738586044455
55.0 41.73994660716526
52.0 45.112168280080134
25.0 52.7751772804064
68.0 48.81019877740692
45.0 41.111266962815435
60.0 60.009872528446394
67.0 37.0933487787478
44.0 40.28346494235524
19.0 47.65542717608505
37.0 43.11970615300857
32.0 46.983134013352135
79.0 48.83688984733895
41.0 47.043346006334055
83.0 55.65111838236902
6.0 52.474155241293204
70.0 62.19355128477533
44.0 44.51835131286547
14.0 48.49355891956042
0.0 50.68942602566076
41.0 42.922350059865636
49.0 45.93177607729699
42.0 41.385820989933315
36.0 42.46442019892051
51.0 54.56835165405031
37.0 41.368365544463366
36.0 45.867684922810035
41.0 48.8066894863209
69.0 38.82075381314953
85.0 55.48488935184121
58.0 43.69871374915205
70.0 52.900879975807776
75.0 48.4822521478486
33.0 47.68268663644276
60.0 43.41652913650632
70.0 44.80196183495258
47.0 46.19155843692219
33.0 38.40952211275441
16.0 41.75682321298286
7.0 56.47987683626065
56.0 47.61345902030119
59.0 47.292277515203786
38.0 46.965502274035494
42.0 47.38078393562085
59.0 42.606061608471386
67.0 52.699323886357995
61.0 48.35566291368047
16.0 41.171921061533126
27.0 50.58383165444522
63.0 59.865071285974096
53.0 46.4950482333976
73.0 48.81648037490522
66.0 41.69199582954274
32.0 42.707519971841734
58.0 47.509594248239466
78.0 47.01185326474753
69.0 46.92436371623682
64.0 71.24513451011872
54.0 47.409620060063524
22.0 41.88864073625734
39.0 62.23956305064909
36.0 48.43789500129797
6.0 36.516316311242825
63.0 55.09523217555061
28.0 35.45811287376619
16.0 39.875980509460454
15.0 59.13416217406313
53.0 54.46201103724863
44.0 51.79672885434825
70.0 62.272416900651926
71.0 56.704297871176045
76.0 47.00593968621818
38.0 60.89171302771921
20.0 46.01048975673395
64.0 56.70838358044251
41.0 37.88405859695144
37.0 47.16598543838942
51.0 55.089704127741946
39.0 43.52630071925091
12.0 49.44247431232977
65.0 52.87014726107072
36.0 50.0097376559448
4.0 44.70626101724222
55.0 44.66522140122847
1.0 38.928957210263185
46.0 47.73379945005989
32.0 46.35355969303058
93.0 36.75796946286721
43.0 46.53842417398811
23.0 48.10587376327857
37.0 52.42346520599943
26.0 54.02356701054094
34.0 49.60977863675041
48.0 44.797983850741836
47.0 46.444364159340054
50.0 45.00648673027771
26.0 48.67673860487863
55.0 52.21646193136197
15.0 53.22553034048569
70.0 44.31092909463495
52.0 43.46757337574642
54.0 53.70300676288017
48.0 40.7964142394244
54.0 48.18109597844626
57.0 44.82632529020076
60.0 47.28835423623475
77.0 45.80860917703121
61.0 47.19871586447281
66.0 41.107531983027194
5.0 50.515809595007006
52.0 40.73923250963799
57.0 51.093450368241236
58.0 47.57058907652861
86.0 65.58106516934016
59.0 42.25816830941414
12.0 56.497787483788876
32.0 31.8808107492024
29.0 44.324902483196674
44.0 41.33514305627928
1.0 49.56418602235181
70.0 53.09741768142806
65.0 61.197706240859425
42.0 45.35347745801146
0.0 49.756632747734166
43.0 57.087538946142246
60.0 49.36665775714459
64.0 49.96094913816273
56.0 51.544363796820726
40.0 49.51864093915861
78.0 63.21112684052949
72.0 50.52535392039887
80.0 45.20599905936038
45.0 58.015101428076754
45.0 46.789891566062074
24.0 52.84482582302141
56.0 52.71196403813081
66.0 50.274019364232
54.0 45.978005271801315
41.0 43.83894589264854
59.0 49.129664402927624
32.0 50.712975145322176
48.0 46.06498386710785
42.0 46.3939039278729
60.0 57.94391526550853
52.0 37.595849240526114
57.0 46.831517889758274
23.0 43.75751587152654
57.0 50.43879336575622
52.0 58.8962481859837
88.0 53.17818580948295
60.0 45.67288224791787
0.0 61.77631472818151
36.0 46.511666985814614
46.0 49.08566608620365
49.0 38.97799490310124
65.0 45.21550859183513
8.0 47.958567688150616
61.0 59.6211117973359
42.0 42.743243388774296
29.0 53.43863525428638
61.0 49.66899594075
49.0 40.6739957741218
54.0 44.49150159877942
41.0 41.719746295847145
21.0 53.79820285983344
53.0 45.089734852223714
35.0 49.36670062628255
52.0 53.66101011029508
60.0 47.63842951201266
63.0 46.728694999646784
51.0 51.362148560628384
65.0 47.66684491546106
68.0 59.29954956314762
56.0 45.52652342584712
50.0 39.00716238275968
66.0 61.46413498632949
27.0 53.094567716526605
66.0 51.46493177397817
78.0 46.969770281719015
66.0 51.79442661813783
62.0 42.29640274123184
60.0 48.03370893631986
72.0 55.01059886157196
51.0 42.42125827213265
73.0 54.76771543743009
77.0 49.621528070815835
15.0 45.19681125081833
64.0 39.25904173223349
49.0 51.78960326882842
50.0 51.24124709676449
66.0 56.24347819452603
53.0 52.49920461748213
57.0 45.93258927167526
46.0 39.35556374817264
55.0 45.74979769563779
4.0 54.157501808517836
43.0 39.55836731918837
34.0 35.51622668299071
62.0 40.755810829236275
76.0 68.26550489542866
61.0 43.46460392498806
72.0 48.678518383689784
50.0 52.1797454840165
41.0 49.00677273637608
0.0 43.10831004972318
47.0 54.76342126742719
55.0 59.772813702613725
46.0 57.457955314452626
84.0 47.929125392992916
25.0 51.061801291284844
65.0 47.51359734020713
33.0 44.23875800607668
56.0 55.57727147979345
73.0 55.26408964503885
58.0 62.51554838299021
49.0 44.946189488469734
64.0 45.511403122030664
68.0 62.75388455612278
33.0 47.47184609301407
46.0 49.04930843497772
78.0 47.793245782481854
62.0 74.703547464199
51.0 47.42400158997868
57.0 54.847243774727524
58.0 46.2146442825384
7.0 45.8835230038604
26.0 48.23584612651462
50.0 44.084622432487684
52.0 50.70158840483747
61.0 52.095105937984066
58.0 39.7805729006752
22.0 58.14295907276109
58.0 51.51990792271493
34.0 39.74552285259441
61.0 47.33713619475848
66.0 49.80477649711839
52.0 41.505496591032234
50.0 39.94917723995389
72.0 47.477036216928056
31.0 41.078679782138515
0.0 50.98752667227509
43.0 47.209011551120035
46.0 46.76807270914741
77.0 41.49804977077991
36.0 45.64490281372829
58.0 45.67484922684255
71.0 49.12545954468181
51.0 43.31938322677434
47.0 48.02866964689325
60.0 43.6061479495122
61.0 41.96216083883566
61.0 44.787564865625576
42.0 49.285110193254944
58.0 47.06872239167189
72.0 46.79846725835556
51.0 45.66758694888215
25.0 46.62186144398281
3.0 45.289605812230285
51.0 42.81747336899503
36.0 54.75237126538193
66.0 49.950617831705124
62.0 36.13950410723992
71.0 43.35538598630048
56.0 40.36098884095077
37.0 43.86165125870324
42.0 49.33228352280508
84.0 58.750985335413425
58.0 44.43287183815335
75.0 44.92915940904569
63.0 46.93102862486613
22.0 38.58202776971894
55.0 42.604500635693476
46.0 42.90830368648681
43.0 49.1287566360514
59.0 47.63699997703229
69.0 49.630458967953324
10.0 42.442896425945264
24.0 43.03953750704218
72.0 50.671640046149115
46.0 44.97097100835969
77.0 45.43618479024757
29.0 44.39216427664303
13.0 45.43905653177507
39.0 46.161185740258944
51.0 57.99018470600907
56.0 46.67580040806754
60.0 48.072103633193144
32.0 45.196843658177514
54.0 48.913930872851644
67.0 50.1897253806903
21.0 45.07427868053883
66.0 45.72805690646144
60.0 49.56471163868709
86.0 55.67922814442185
68.0 51.26826768228984
67.0 41.380342488071214
41.0 41.62248561015864
57.0 52.05109846108638
48.0 49.80211951268846
66.0 58.06700119612279
51.0 48.71028034629416
69.0 41.104739210310825
34.0 58.02939345943373
76.0 53.20830714611522
68.0 62.09929723354447
54.0 48.433037620676714
71.0 48.229286689830154
1.0 59.69938683949745
12.0 47.77685075536709
58.0 40.53600601804494
60.0 56.75452652559476
55.0 47.9580366664979
44.0 49.03181161447139
61.0 50.8935387431776
72.0 41.052526191629845
45.0 45.446084602330764
69.0 44.485335343202884
53.0 63.15833802718452
9.0 45.65511047134476
63.0 48.29382430831822
32.0 50.37898926193396
73.0 56.345046603808264
64.0 58.49510928094707
66.0 47.97371161102232
77.0 45.525251697985034
64.0 54.760735331370675
62.0 52.88480998731942
54.0 50.35437420952558
62.0 49.15447683794431
18.0 38.540203836849365
69.0 45.541581463227914
59.0 48.81944344169338
74.0 55.248949114330294
71.0 31.332101751386872
41.0 56.57532178094799
51.0 63.934709545454886
27.0 51.754657122788636
35.0 51.55428146972704
72.0 41.90165400908595
25.0 48.986632942906674
2.0 50.000869089073
40.0 45.22251840373212
36.0 30.304173473991927
58.0 38.79926573156682
48.0 41.25021989455896
51.0 47.01200293464678
50.0 55.18892087633959
75.0 45.258501506173936
60.0 47.0490102747654
59.0 42.85509456305851
