              precision    recall  f1-score   support

           0       0.32      0.88      0.46        26
           1       0.00      0.00      0.00        24
           2       0.27      0.49      0.35        35
           3       1.00      0.03      0.06        30
           4       0.00      0.00      0.00        28
           5       0.23      0.64      0.33        33
           6       0.62      0.81      0.70        32
           7       0.78      0.49      0.60        37
           8       0.33      0.03      0.05        34
           9       0.50      0.05      0.09        21

   micro avg       0.36      0.36      0.36       300
   macro avg       0.40      0.34      0.27       300
weighted avg       0.42      0.36      0.29       300
