------------TRUTH vs. PREDICTS------------
65.0 45.51935958862305
78.0 52.335105895996094
47.0 47.99117660522461
52.0 49.130367279052734
81.0 48.253787994384766
54.0 57.547218322753906
61.0 51.394779205322266
59.0 49.43988037109375
57.0 48.18467330932617
54.0 47.93753433227539
50.0 44.11933517456055
25.0 51.7171630859375
9.0 47.17757034301758
30.0 48.78172302246094
64.0 48.95692825317383
30.0 47.86152267456055
59.0 43.268028259277344
51.0 47.916954040527344
30.0 50.4261474609375
8.0 48.82610321044922
39.0 37.96231460571289
63.0 56.49677276611328
56.0 38.65092849731445
30.0 50.59311294555664
76.0 48.188541412353516
67.0 53.131404876708984
7.0 46.846805572509766
72.0 44.80086135864258
21.0 38.85926055908203
19.0 47.745540618896484
62.0 47.85951232910156
80.0 47.60676574707031
62.0 52.9451904296875
47.0 39.702491760253906
16.0 47.579261779785156
39.0 48.991180419921875
39.0 41.71766662597656
75.0 49.186195373535156
63.0 49.005367279052734
16.0 49.86542510986328
44.0 56.15665054321289
45.0 60.121456146240234
28.0 52.09117126464844
47.0 49.48698806762695
57.0 49.96699905395508
15.0 51.5217399597168
43.0 49.488563537597656
70.0 50.49330520629883
12.0 47.992801666259766
56.0 51.70042037963867
48.0 48.999080657958984
23.0 48.99968719482422
80.0 49.65888595581055
4.0 47.96864700317383
7.0 51.45932388305664
63.0 53.58539962768555
72.0 62.019554138183594
21.0 48.077239990234375
65.0 50.50236511230469
63.0 48.78147506713867
43.0 48.188411712646484
7.0 43.73661422729492
48.0 50.04568862915039
67.0 50.64796447753906
55.0 47.745540618896484
39.0 48.33775329589844
40.0 45.94338607788086
0.0 52.69908905029297
79.0 52.33940505981445
45.0 51.509071350097656
38.0 51.34390640258789
89.0 50.85377502441406
60.0 43.43793487548828
73.0 48.886688232421875
51.0 47.745540618896484
24.0 47.4813232421875
23.0 48.45927047729492
54.0 51.44316864013672
1.0 46.0272216796875
65.0 49.159664154052734
51.0 49.28038787841797
0.0 50.71257019042969
70.0 48.599185943603516
40.0 54.07056427001953
56.0 48.9400749206543
59.0 48.620033264160156
4.0 49.135868072509766
30.0 39.40486145019531
4.0 55.925201416015625
55.0 48.83926010131836
29.0 41.44929885864258
72.0 55.36688232421875
50.0 58.52558517456055
65.0 48.24477767944336
60.0 47.9632682800293
33.0 43.827842712402344
77.0 48.69934844970703
54.0 49.016395568847656
47.0 46.92219924926758
38.0 47.745540618896484
39.0 47.83223342895508
53.0 50.01137924194336
66.0 49.41977310180664
57.0 55.286827087402344
37.0 54.84142303466797
54.0 45.9726676940918
4.0 47.723602294921875
44.0 47.301414489746094
60.0 52.5675048828125
7.0 48.45927047729492
62.0 51.42784881591797
62.0 48.74553680419922
30.0 41.44929885864258
60.0 47.9758415222168
11.0 48.89604187011719
53.0 49.4786262512207
74.0 49.397926330566406
48.0 49.96589279174805
67.0 44.33100509643555
35.0 47.59895706176758
71.0 55.12732696533203
39.0 45.01813507080078
22.0 54.783878326416016
44.0 52.16059875488281
53.0 49.12217712402344
47.0 51.79738235473633
42.0 50.54923629760742
67.0 48.895694732666016
56.0 51.782405853271484
49.0 52.386192321777344
62.0 51.65230178833008
70.0 50.69243621826172
52.0 47.27718734741211
62.0 48.26455307006836
75.0 51.72896957397461
68.0 46.22847366333008
5.0 47.17757034301758
37.0 50.65512466430664
70.0 51.11244583129883
74.0 48.04561996459961
56.0 46.603790283203125
26.0 52.822959899902344
56.0 48.097774505615234
22.0 42.51047134399414
47.0 45.597084045410156
34.0 46.846805572509766
20.0 52.188785552978516
68.0 53.13792037963867
71.0 50.3483772277832
30.0 56.30268478393555
16.0 50.76693344116211
58.0 49.27832794189453
16.0 45.472023010253906
53.0 45.0173454284668
61.0 47.291542053222656
59.0 48.097774505615234
7.0 47.02533721923828
59.0 53.740440368652344
49.0 54.43570327758789
37.0 47.745540618896484
87.0 51.449005126953125
32.0 48.22378158569336
47.0 47.17757034301758
39.0 48.45927047729492
50.0 47.291542053222656
0.0 47.56354904174805
77.0 50.71744155883789
17.0 47.98950958251953
66.0 46.888675689697266
65.0 51.39329147338867
80.0 47.745540618896484
74.0 49.463130950927734
7.0 48.30266571044922
67.0 58.4576416015625
31.0 45.39034652709961
53.0 48.20579528808594
51.0 50.13798141479492
10.0 51.68364334106445
70.0 49.22286605834961
36.0 45.67011260986328
66.0 47.9758415222168
71.0 46.935977935791016
72.0 59.54231262207031
13.0 43.916839599609375
47.0 52.47230911254883
60.0 47.08370590209961
42.0 47.745540618896484
4.0 52.66519546508789
68.0 47.745540618896484
33.0 49.534210205078125
37.0 48.025150299072266
50.0 50.60807800292969
33.0 47.016563415527344
56.0 52.44536590576172
34.0 49.18571090698242
58.0 48.36915969848633
64.0 47.745540618896484
47.0 47.17757034301758
49.0 49.045692443847656
61.0 48.188411712646484
66.0 47.37008285522461
56.0 48.8004035949707
69.0 47.22503662109375
40.0 48.3668098449707
37.0 49.005699157714844
65.0 47.42201232910156
66.0 49.770477294921875
68.0 48.63766860961914
65.0 51.327266693115234
52.0 48.77561569213867
42.0 49.2458381652832
59.0 52.73491668701172
68.0 48.93141174316406
74.0 48.24591827392578
42.0 48.55450439453125
53.0 37.86646270751953
71.0 49.73795700073242
25.0 51.27052307128906
79.0 48.47772216796875
52.0 42.244266510009766
72.0 48.45927047729492
58.0 44.08381652832031
48.0 53.671722412109375
64.0 50.102294921875
72.0 42.37882995605469
24.0 50.005374908447266
77.0 47.9758415222168
54.0 47.750919342041016
3.0 51.27927780151367
48.0 55.97117233276367
2.0 42.67105484008789
1.0 44.88219451904297
72.0 48.45927047729492
56.0 48.45115280151367
72.0 48.097774505615234
79.0 53.24521255493164
40.0 48.188411712646484
52.0 49.674957275390625
68.0 53.695091247558594
36.0 52.20821762084961
47.0 47.666465759277344
56.0 46.88813781738281
44.0 48.688053131103516
45.0 48.13424301147461
65.0 52.67070007324219
78.0 49.946739196777344
63.0 48.57010269165039
46.0 41.937957763671875
70.0 54.892616271972656
58.0 50.112701416015625
50.0 46.97980880737305
62.0 48.81203079223633
50.0 43.63048553466797
52.0 45.463523864746094
49.0 53.1275749206543
77.0 51.760581970214844
10.0 49.33023452758789
48.0 50.04587173461914
48.0 47.80834197998047
64.0 49.28184509277344
51.0 54.28118896484375
61.0 53.933143615722656
38.0 48.45927047729492
14.0 34.17669677734375
9.0 50.4758186340332
15.0 48.9315299987793
56.0 50.276729583740234
49.0 49.28038787841797
42.0 44.67340087890625
37.0 42.67105484008789
86.0 59.69794464111328
47.0 47.17757034301758
65.0 49.11471939086914
51.0 43.1236572265625
33.0 48.851318359375
55.0 36.868167877197266
48.0 52.03607177734375
60.0 47.9758415222168
51.0 55.60294723510742
33.0 47.17757034301758
51.0 53.26344299316406
16.0 43.9949951171875
44.0 48.987091064453125
56.0 48.6566162109375
72.0 49.52403259277344
76.0 53.64891052246094
47.0 53.699371337890625
58.0 42.85697937011719
55.0 48.21174621582031
66.0 48.63147735595703
42.0 47.7203254699707
49.0 47.17757034301758
41.0 48.45927047729492
67.0 48.5732421875
16.0 46.81014633178711
70.0 56.45836639404297
34.0 43.733646392822266
41.0 51.28848648071289
74.0 54.379730224609375
73.0 48.40451431274414
71.0 46.76103210449219
41.0 48.188411712646484
65.0 49.950828552246094
63.0 49.57001876831055
68.0 54.62492752075195
15.0 43.11355972290039
58.0 45.597084045410156
79.0 50.43088912963867
42.0 49.408443450927734
64.0 54.408607482910156
76.0 53.3701286315918
50.0 53.18871307373047
40.0 48.188411712646484
65.0 48.374229431152344
48.0 47.745540618896484
41.0 47.745540618896484
45.0 49.43329620361328
70.0 59.34105682373047
74.0 52.682579040527344
7.0 48.09182357788086
53.0 56.53667449951172
75.0 51.412784576416016
75.0 49.12217712402344
44.0 49.56890106201172
63.0 55.828521728515625
63.0 47.17757034301758
44.0 45.597084045410156
44.0 48.665740966796875
30.0 49.073280334472656
57.0 48.59946060180664
77.0 47.33018112182617
64.0 52.03011703491211
47.0 49.28974914550781
93.0 56.893043518066406
55.0 50.78647232055664
59.0 49.569705963134766
77.0 55.04843521118164
76.0 47.17757034301758
60.0 48.226715087890625
57.0 50.86257553100586
47.0 52.10078811645508
60.0 48.47772216796875
38.0 51.10919189453125
68.0 48.34710693359375
49.0 46.86801528930664
39.0 53.744895935058594
52.0 48.78389358520508
65.0 52.10265350341797
59.0 50.793968200683594
76.0 54.026649475097656
50.0 53.30162811279297
26.0 48.60714340209961
28.0 50.81916809082031
53.0 51.19575500488281
67.0 57.791725158691406
64.0 52.326332092285156
40.0 49.12217712402344
58.0 50.15147018432617
46.0 47.86152267456055
77.0 51.427833557128906
52.0 55.250343322753906
55.0 47.688385009765625
10.0 53.918819427490234
68.0 52.740989685058594
0.0 45.88092041015625
80.0 47.3255729675293
56.0 50.22600173950195
64.0 53.113800048828125
50.0 48.186683654785156
74.0 55.120609283447266
14.0 41.41388702392578
51.0 48.89899826049805
78.0 53.35349655151367
37.0 53.085044860839844
60.0 49.011775970458984
35.0 47.17757034301758
52.0 51.393028259277344
23.0 46.47706604003906
40.0 48.46249008178711
52.0 54.28774642944336
30.0 46.07482147216797
28.0 49.22286605834961
39.0 48.856754302978516
3.0 55.79115295410156
5.0 47.5895881652832
44.0 49.476463317871094
77.0 71.04244232177734
68.0 49.016395568847656
62.0 33.90867233276367
47.0 51.757320404052734
45.0 49.01202392578125
72.0 54.2176513671875
44.0 42.279258728027344
51.0 47.08157730102539
63.0 47.00465774536133
90.0 55.79756546020508
51.0 44.2210807800293
38.0 54.10981369018555
74.0 53.202857971191406
75.0 47.166419982910156
25.0 51.58139419555664
26.0 49.76362228393555
69.0 48.59431838989258
73.0 48.188411712646484
49.0 47.17757034301758
63.0 50.85033416748047
17.0 49.9725227355957
42.0 48.012977600097656
66.0 46.79302215576172
24.0 46.8747444152832
71.0 55.88984680175781
49.0 48.40152359008789
55.0 49.508487701416016
52.0 51.08430862426758
38.0 56.1628303527832
60.0 44.11933517456055
49.0 47.37008285522461
49.0 48.397010803222656
49.0 52.41663360595703
51.0 54.790618896484375
69.0 48.097774505615234
59.0 48.23313522338867
39.0 59.91449737548828
68.0 52.84861755371094
69.0 51.05818557739258
55.0 54.56207275390625
43.0 48.2137565612793
73.0 49.255435943603516
47.0 52.49259567260742
71.0 47.17757034301758
53.0 47.197208404541016
58.0 50.7158203125
54.0 49.31812286376953
41.0 50.2969856262207
64.0 48.106773376464844
65.0 54.00693130493164
67.0 47.48670196533203
43.0 47.9758415222168
15.0 48.24150466918945
36.0 50.85171127319336
60.0 48.98958206176758
36.0 49.868186950683594
69.0 47.60224151611328
39.0 48.14262008666992
44.0 48.21941375732422
69.0 49.92182540893555
53.0 45.91973114013672
35.0 49.95870590209961
37.0 45.36166763305664
35.0 48.30238342285156
64.0 48.62604904174805
31.0 53.12576675415039
61.0 49.575416564941406
32.0 48.760128021240234
49.0 48.70308303833008
64.0 57.72083282470703
22.0 48.93436813354492
77.0 57.50046157836914
70.0 53.26836395263672
28.0 49.475250244140625
62.0 54.31043243408203
55.0 47.08552169799805
30.0 47.616981506347656
46.0 50.93568420410156
33.0 49.45316696166992
57.0 48.48702621459961
75.0 63.58084487915039
38.0 34.17669677734375
66.0 49.800872802734375
73.0 56.39930725097656
47.0 49.257537841796875
78.0 54.00093078613281
84.0 53.55925369262695
58.0 50.25008773803711
60.0 52.25662612915039
63.0 52.40607833862305
15.0 49.45256805419922
61.0 43.85689163208008
11.0 53.356651306152344
62.0 49.56181716918945
56.0 64.53213500976562
77.0 54.19367218017578
63.0 49.607669830322266
76.0 48.94725036621094
63.0 50.52907180786133
61.0 53.922115325927734
23.0 53.81757354736328
67.0 49.525367736816406
82.0 52.822845458984375
23.0 52.10177230834961
54.0 48.475135803222656
51.0 48.1423225402832
4.0 48.9201774597168
82.0 55.418701171875
27.0 49.2575569152832
84.0 53.4142951965332
13.0 46.935977935791016
56.0 54.76116943359375
56.0 47.897891998291016
54.0 53.609012603759766
50.0 50.010501861572266
75.0 51.81272506713867
69.0 47.86152267456055
22.0 48.83286666870117
57.0 50.372772216796875
69.0 49.016395568847656
64.0 47.94270324707031
55.0 48.481319427490234
59.0 53.88494873046875
49.0 45.44131088256836
74.0 52.006980895996094
45.0 56.38914489746094
62.0 37.708412170410156
16.0 53.32011032104492
60.0 58.20797348022461
51.0 49.555259704589844
40.0 51.044673919677734
52.0 42.45027542114258
39.0 74.00678253173828
9.0 48.60029983520508
26.0 48.851318359375
58.0 48.05540084838867
31.0 44.735572814941406
18.0 53.197105407714844
60.0 53.661033630371094
47.0 47.47074890136719
31.0 45.669952392578125
68.0 43.08004379272461
0.0 55.9937744140625
28.0 49.09066390991211
58.0 59.35292434692383
66.0 54.35181427001953
67.0 49.16228103637695
65.0 48.665740966796875
35.0 53.10344314575195
51.0 46.98196029663086
62.0 54.22935104370117
53.0 47.17757034301758
73.0 48.983863830566406
50.0 53.5987663269043
81.0 48.26597595214844
59.0 48.9078369140625
41.0 47.15705108642578
22.0 47.17757034301758
15.0 45.26736068725586
45.0 48.16384506225586
61.0 46.86094284057617
40.0 50.595489501953125
40.0 54.326011657714844
64.0 48.6594352722168
46.0 50.66713333129883
55.0 47.1955451965332
41.0 49.08561706542969
41.0 51.44420623779297
76.0 55.19387435913086
40.0 48.30238342285156
53.0 48.17010498046875
61.0 49.45555114746094
39.0 48.4938850402832
15.0 48.898868560791016
75.0 53.1912956237793
37.0 47.9758415222168
64.0 48.856754302978516
20.0 51.377708435058594
1.0 47.745540618896484
82.0 49.082889556884766
76.0 49.62003707885742
43.0 51.800228118896484
25.0 48.53296661376953
62.0 56.67253875732422
60.0 51.40245819091797
29.0 48.23313522338867
63.0 47.12062454223633
74.0 52.937564849853516
55.0 48.49646759033203
6.0 46.69306564331055
52.0 46.98778533935547
51.0 55.048282623291016
37.0 47.34743118286133
69.0 49.12217712402344
15.0 48.318885803222656
48.0 48.665740966796875
94.0 72.24065399169922
62.0 48.412960052490234
80.0 54.687225341796875
71.0 48.43640899658203
29.0 48.06014633178711
65.0 47.17757034301758
41.0 48.097774505615234
32.0 49.91548156738281
49.0 47.59529495239258
42.0 48.5500373840332
76.0 52.900814056396484
49.0 48.097774505615234
64.0 48.06468200683594
47.0 47.97333908081055
71.0 59.24073028564453
45.0 48.656768798828125
67.0 48.52052688598633
75.0 60.6301155090332
50.0 61.96535110473633
83.0 46.96125411987305
49.0 47.17757034301758
47.0 53.62721633911133
1.0 47.8281364440918
2.0 48.14262008666992
65.0 47.1523551940918
49.0 53.494171142578125
53.0 50.42232894897461
76.0 44.757503509521484
45.0 47.9758415222168
65.0 51.29113006591797
55.0 49.488380432128906
19.0 47.750919342041016
43.0 50.52301788330078
50.0 47.32843017578125
61.0 49.017032623291016
1.0 51.684879302978516
48.0 50.272064208984375
67.0 52.63488006591797
38.0 47.84487533569336
15.0 45.43058395385742
14.0 47.81302261352539
40.0 50.31016540527344
4.0 51.51462173461914
97.0 53.24676513671875
51.0 48.83251953125
27.0 44.88037109375
57.0 48.56241989135742
7.0 47.300148010253906
45.0 47.856178283691406
48.0 32.73045349121094
33.0 53.158294677734375
80.0 53.25611114501953
61.0 42.279258728027344
40.0 52.81010437011719
6.0 53.614952087402344
65.0 54.99050521850586
68.0 54.026649475097656
27.0 60.8429069519043
58.0 51.64138412475586
25.0 47.72161102294922
74.0 53.81699752807617
67.0 48.71046829223633
59.0 47.745540618896484
30.0 48.665592193603516
74.0 50.825138092041016
62.0 51.125118255615234
26.0 49.57819747924805
59.0 49.171180725097656
57.0 49.21793746948242
74.0 53.54230880737305
59.0 47.86152267456055
49.0 48.81285095214844
67.0 53.50151062011719
52.0 47.745540618896484
10.0 51.60775375366211
40.0 50.28082275390625
34.0 45.105892181396484
17.0 54.597232818603516
28.0 50.481971740722656
75.0 50.363033294677734
41.0 47.78947830200195
47.0 45.61705017089844
25.0 48.73115158081055
42.0 48.097774505615234
32.0 47.50496292114258
76.0 51.69679641723633
1.0 47.745540618896484
55.0 47.745540618896484
40.0 49.48879623413086
33.0 51.20783615112305
63.0 50.33686447143555
58.0 59.50297164916992
36.0 47.9758415222168
66.0 49.66596221923828
54.0 47.902164459228516
73.0 58.460166931152344
47.0 46.749637603759766
29.0 50.15147018432617
8.0 67.95233917236328
73.0 49.056007385253906
40.0 49.981292724609375
41.0 43.670475006103516
65.0 60.517311096191406
91.0 60.21464538574219
46.0 48.665740966796875
54.0 48.74553680419922
23.0 47.87370300292969
40.0 51.78618240356445
72.0 56.239105224609375
49.0 50.00456619262695
53.0 49.41508483886719
39.0 47.03339767456055
8.0 53.38923263549805
49.0 47.75871658325195
67.0 53.332950592041016
58.0 62.10698699951172
55.0 47.72273254394531
61.0 50.010501861572266
80.0 60.828582763671875
76.0 55.18083190917969
59.0 48.49777603149414
42.0 55.85326385498047
15.0 50.62834548950195
69.0 48.012977600097656
47.0 43.781002044677734
32.0 47.17757034301758
56.0 48.349117279052734
40.0 45.37578201293945
49.0 52.32442092895508
28.0 48.785213470458984
53.0 39.24395751953125
53.0 48.097774505615234
77.0 48.81203079223633
55.0 34.63223648071289
77.0 48.48043441772461
65.0 47.80118942260742
60.0 48.45927047729492
47.0 52.96260070800781
39.0 49.143070220947266
42.0 47.947689056396484
45.0 47.58347702026367
45.0 49.533287048339844
65.0 57.18339538574219
61.0 47.02875900268555
37.0 48.66719436645508
42.0 49.28124237060547
56.0 47.1523551940918
68.0 61.74060821533203
60.0 48.59782028198242
55.0 51.749366760253906
65.0 48.77338790893555
2.0 47.29355239868164
65.0 48.13176345825195
27.0 54.05756759643555
57.0 52.27858352661133
85.0 63.655330657958984
54.0 50.19619369506836
26.0 48.851318359375
35.0 57.22147750854492
57.0 53.736122131347656
57.0 52.968814849853516
44.0 47.05791091918945
42.0 49.76649856567383
83.0 53.35499954223633
63.0 50.29304885864258
69.0 58.72649383544922
42.0 45.532962799072266
65.0 50.37077331542969
37.0 48.886688232421875
43.0 47.434486389160156
53.0 54.11907958984375
46.0 45.44392776489258
49.0 38.44603729248047
48.0 48.66107940673828
59.0 49.66135787963867
40.0 48.851318359375
54.0 49.370906829833984
47.0 48.188411712646484
71.0 50.979454040527344
35.0 48.688053131103516
43.0 48.81203079223633
20.0 48.75167465209961
19.0 48.432857513427734
24.0 50.49021911621094
51.0 48.02660369873047
68.0 51.29285430908203
46.0 48.61843490600586
62.0 49.62730407714844
74.0 50.67742919921875
36.0 47.856178283691406
66.0 44.04088592529297
35.0 46.01325607299805
62.0 52.056068420410156
53.0 47.247283935546875
53.0 43.66969680786133
55.0 51.46744918823242
3.0 55.16903305053711
32.0 52.211204528808594
65.0 53.10806655883789
24.0 49.12217712402344
77.0 51.99235153198242
46.0 47.50383377075195
63.0 44.9261474609375
42.0 47.745540618896484
63.0 49.38961410522461
42.0 53.53809356689453
79.0 48.665740966796875
58.0 46.055633544921875
48.0 48.7064208984375
29.0 47.80118942260742
51.0 49.016395568847656
47.0 46.84587860107422
96.0 53.49306106567383
62.0 47.9632682800293
39.0 48.524803161621094
31.0 48.339996337890625
57.0 49.08127212524414
71.0 56.72056579589844
23.0 53.469581604003906
0.0 49.8072395324707
54.0 53.97075653076172
62.0 49.8671760559082
65.0 43.43793487548828
84.0 47.756404876708984
69.0 46.888675689697266
44.0 48.0485954284668
63.0 57.052921295166016
38.0 48.45927047729492
26.0 45.670166015625
15.0 48.973941802978516
67.0 52.035221099853516
41.0 51.42304611206055
45.0 52.24161148071289
30.0 42.83072280883789
69.0 49.45316696166992
50.0 52.97350311279297
47.0 47.522361755371094
38.0 49.648948669433594
65.0 49.88725280761719
69.0 50.856773376464844
32.0 47.578765869140625
45.0 46.85930252075195
71.0 47.68693923950195
42.0 54.212120056152344
66.0 49.45316696166992
26.0 51.00465774536133
64.0 47.745540618896484
81.0 54.96378707885742
6.0 53.99262619018555
66.0 51.97397994995117
12.0 38.391963958740234
20.0 48.93058776855469
51.0 48.30266571044922
51.0 43.09486770629883
0.0 54.35842514038086
67.0 49.67414093017578
46.0 47.86986541748047
70.0 52.68860626220703
44.0 51.447689056396484
55.0 43.969844818115234
37.0 48.665740966796875
34.0 55.09035873413086
52.0 40.768638610839844
58.0 48.089813232421875
62.0 44.97800064086914
52.0 47.745540618896484
65.0 48.523616790771484
73.0 59.882484436035156
17.0 52.91561508178711
52.0 48.188411712646484
42.0 49.1031608581543
49.0 48.23313522338867
60.0 38.407989501953125
35.0 43.86365509033203
52.0 45.63523864746094
61.0 50.035926818847656
51.0 48.097774505615234
48.0 51.33834457397461
28.0 45.41218566894531
55.0 53.098365783691406
3.0 48.097774505615234
37.0 46.82465362548828
78.0 49.828643798828125
83.0 51.01945877075195
41.0 52.11632537841797
57.0 48.188411712646484
70.0 46.66652297973633
24.0 54.35007095336914
64.0 48.097774505615234
48.0 43.74563980102539
55.0 46.78864669799805
77.0 55.06413650512695
34.0 50.53282928466797
28.0 48.31631088256836
80.0 60.54975891113281
77.0 47.45663833618164
71.0 48.45927047729492
45.0 48.89604187011719
32.0 52.66524887084961
82.0 57.553043365478516
71.0 55.33340835571289
46.0 47.142852783203125
49.0 47.73670959472656
53.0 54.69766616821289
67.0 61.48652648925781
64.0 48.93396759033203
57.0 55.05571746826172
39.0 47.477474212646484
70.0 54.05706024169922
58.0 54.29401779174805
68.0 54.598960876464844
76.0 63.924476623535156
58.0 47.9758415222168
42.0 52.992984771728516
76.0 65.07564544677734
52.0 55.1447868347168
66.0 46.913352966308594
50.0 48.21320724487305
32.0 49.70964813232422
71.0 45.97174835205078
68.0 49.22852325439453
59.0 53.84642028808594
30.0 47.1523551940918
40.0 48.665740966796875
57.0 46.22847366333008
48.0 50.03754425048828
51.0 49.748416900634766
74.0 56.08293533325195
0.0 47.17757034301758
68.0 47.9758415222168
73.0 48.70045852661133
53.0 48.426780700683594
36.0 48.89699172973633
38.0 52.36241149902344
90.0 49.12940979003906
62.0 46.76878356933594
61.0 47.745540618896484
36.0 56.72179412841797
68.0 55.66873550415039
61.0 52.106719970703125
6.0 47.86722183227539
24.0 47.9758415222168
24.0 45.1700439453125
58.0 53.48245620727539
1.0 47.1523551940918
32.0 48.21174621582031
10.0 48.958805084228516
43.0 49.57001876831055
56.0 39.45536422729492
13.0 45.01872634887695
47.0 53.017433166503906
53.0 61.94023132324219
6.0 48.097774505615234
77.0 50.88722610473633
71.0 48.851318359375
59.0 43.35255813598633
76.0 55.11283493041992
64.0 52.448577880859375
45.0 47.70710372924805
46.0 54.14106750488281
53.0 58.72746658325195
40.0 47.9758415222168
80.0 53.397979736328125
63.0 48.76102828979492
52.0 46.6280403137207
78.0 52.7416877746582
65.0 51.03549575805664
58.0 46.95439147949219
49.0 47.29355239868164
77.0 50.30626678466797
35.0 44.79978561401367
71.0 48.575252532958984
63.0 49.137664794921875
57.0 54.50033187866211
32.0 46.438602447509766
60.0 50.148223876953125
58.0 48.45927047729492
30.0 57.15918731689453
53.0 52.75617599487305
43.0 51.355010986328125
71.0 48.46672058105469
43.0 40.01509475708008
55.0 56.34351348876953
15.0 47.9758415222168
26.0 49.87339401245117
28.0 47.21294021606445
47.0 49.74764633178711
44.0 49.372108459472656
44.0 48.691078186035156
72.0 54.74549865722656
72.0 51.10910415649414
47.0 49.8986701965332
44.0 48.23313522338867
56.0 49.31391525268555
11.0 58.5629768371582
95.0 74.91656494140625
44.0 50.19386291503906
45.0 52.11632537841797
22.0 48.52947235107422
87.0 56.02788162231445
7.0 44.52524185180664
32.0 48.26544189453125
0.0 54.19814682006836
71.0 53.23477554321289
18.0 50.76020812988281
28.0 38.96238327026367
36.0 47.74834442138672
39.0 48.61062240600586
30.0 47.316287994384766
51.0 49.488563537597656
51.0 63.226539611816406
57.0 51.72144317626953
9.0 47.405052185058594
50.0 49.712406158447266
79.0 47.750919342041016
60.0 47.86152267456055
55.0 47.39529800415039
48.0 48.45927047729492
73.0 54.12654495239258
53.0 47.37971878051758
41.0 49.8667106628418
27.0 51.34233856201172
63.0 47.745540618896484
73.0 48.99296951293945
29.0 48.03816604614258
63.0 47.9758415222168
38.0 53.09413146972656
54.0 48.59169387817383
3.0 47.10640335083008
0.0 48.83251953125
60.0 48.207096099853516
63.0 51.966793060302734
70.0 61.503028869628906
68.0 53.457794189453125
46.0 51.412784576416016
58.0 48.186683654785156
51.0 47.17757034301758
59.0 54.01123809814453
20.0 48.44680404663086
60.0 52.37417984008789
51.0 52.58863830566406
35.0 46.8812370300293
21.0 52.523075103759766
40.0 43.1236572265625
27.0 48.29433059692383
14.0 50.56389236450195
45.0 54.79376220703125
46.0 49.71356964111328
43.0 49.547462463378906
55.0 54.6415901184082
74.0 48.2205810546875
3.0 47.267574310302734
53.0 52.66519546508789
57.0 49.59700012207031
89.0 47.745540618896484
20.0 47.745540618896484
70.0 43.43793487548828
2.0 49.21247100830078
69.0 53.03730773925781
78.0 56.45803451538086
48.0 49.08127212524414
30.0 50.87017059326172
64.0 53.92967224121094
75.0 51.81100082397461
15.0 72.23522186279297
76.0 53.25463104248047
67.0 52.097232818603516
41.0 41.41388702392578
45.0 46.428409576416016
50.0 50.040035247802734
11.0 50.606201171875
63.0 49.35999298095703
0.0 41.80234146118164
66.0 48.188411712646484
48.0 50.4647216796875
36.0 44.95063400268555
71.0 47.17757034301758
49.0 52.05516052246094
70.0 47.91231918334961
17.0 47.42873764038086
48.0 48.065425872802734
62.0 60.43920135498047
81.0 49.03200149536133
73.0 54.29584503173828
74.0 52.930912017822266
76.0 48.453617095947266
68.0 47.9758415222168
57.0 47.804725646972656
27.0 47.17757034301758
55.0 46.66950988769531
63.0 46.00667190551758
33.0 48.19505310058594
21.0 42.63223648071289
81.0 49.56619644165039
71.0 49.96589279174805
85.0 56.02788162231445
29.0 49.22215270996094
73.0 57.447391510009766
32.0 54.97187042236328
65.0 43.252357482910156
54.0 48.58741760253906
43.0 49.75099182128906
37.0 54.76395797729492
68.0 47.808876037597656
66.0 48.759681701660156
30.0 46.332820892333984
80.0 48.670738220214844
50.0 48.09683609008789
74.0 52.03435134887695
72.0 51.68364334106445
74.0 58.993743896484375
66.0 50.18640899658203
82.0 52.15153121948242
7.0 54.05129623413086
56.0 48.2149658203125
4.0 48.186683654785156
40.0 49.488563537597656
42.0 46.026153564453125
4.0 50.62813949584961
4.0 48.30266571044922
53.0 49.682762145996094
52.0 70.25908660888672
38.0 46.74655532836914
65.0 48.188411712646484
25.0 50.15168762207031
65.0 47.50926971435547
43.0 50.13139343261719
56.0 53.06049346923828
41.0 42.891719818115234
90.0 56.939247131347656
55.0 47.745540618896484
62.0 48.665740966796875
45.0 48.36204528808594
37.0 38.196006774902344
40.0 35.76893997192383
73.0 49.96469497680664
68.0 44.339271545410156
16.0 48.35357666015625
64.0 47.9758415222168
64.0 55.376991271972656
58.0 49.082889556884766
44.0 40.60408401489258
50.0 55.622283935546875
62.0 45.148406982421875
31.0 52.03607177734375
55.0 48.45927047729492
61.0 52.91245651245117
69.0 51.67435073852539
0.0 51.44485855102539
46.0 51.312110900878906
46.0 46.354393005371094
41.0 48.30266571044922
64.0 49.45316696166992
43.0 45.990081787109375
30.0 42.2487678527832
51.0 47.60341262817383
42.0 49.319644927978516
55.0 48.57439041137695
63.0 52.31496047973633
57.0 49.1417236328125
19.0 52.098995208740234
15.0 49.12217712402344
44.0 48.56527328491211
65.0 54.338199615478516
33.0 48.82671356201172
21.0 66.42427825927734
50.0 47.291542053222656
78.0 51.45785903930664
70.0 46.888675689697266
48.0 48.36915969848633
53.0 45.79033279418945
58.0 47.745540618896484
70.0 53.805450439453125
85.0 47.83355712890625
73.0 48.43405532836914
72.0 50.55317687988281
60.0 54.9984016418457
70.0 48.47328567504883
31.0 47.39529800415039
63.0 47.50496292114258
53.0 48.217254638671875
58.0 55.00422286987305
3.0 47.663902282714844
65.0 54.12800979614258
56.0 50.115234375
58.0 41.41388702392578
55.0 49.152130126953125
61.0 48.097774505615234
35.0 49.3066520690918
73.0 47.6321907043457
49.0 50.17356491088867
77.0 52.43471145629883
72.0 53.36674118041992
57.0 49.21294403076172
42.0 51.52581024169922
51.0 48.856754302978516
64.0 52.8681755065918
56.0 46.75852584838867
6.0 50.53841781616211
77.0 49.4899787902832
50.0 48.964691162109375
80.0 47.783660888671875
30.0 47.17757034301758
60.0 47.745540618896484
66.0 50.405303955078125
52.0 53.1703987121582
78.0 55.33850860595703
54.0 52.10284423828125
18.0 43.850955963134766
71.0 55.89692687988281
4.0 54.85520553588867
81.0 49.915767669677734
2.0 53.75722122192383
54.0 47.63018035888672
70.0 51.87843322753906
46.0 58.77549743652344
69.0 46.98196029663086
69.0 55.39507293701172
76.0 50.72215270996094
65.0 48.22882843017578
51.0 38.87645721435547
58.0 47.62507629394531
56.0 48.59946060180664
60.0 46.74787521362305
58.0 52.373741149902344
70.0 49.351863861083984
76.0 46.892799377441406
58.0 49.10909652709961
70.0 53.29076385498047
72.0 56.683311462402344
52.0 46.562381744384766
70.0 47.99299621582031
60.0 50.1416130065918
44.0 48.74553680419922
54.0 52.471519470214844
10.0 46.26025390625
16.0 48.700626373291016
63.0 48.45927047729492
50.0 52.66519546508789
54.0 51.58768081665039
12.0 48.66315841674805
50.0 47.09627151489258
54.0 53.59921646118164
47.0 50.88892364501953
64.0 46.89154052734375
72.0 48.77532196044922
62.0 52.4024543762207
40.0 47.7418327331543
2.0 48.568336486816406
75.0 49.180599212646484
7.0 50.46238327026367
18.0 58.103633880615234
53.0 47.21294021606445
60.0 50.942745208740234
69.0 52.00718307495117
51.0 48.75167465209961
23.0 37.96231460571289
12.0 48.36915969848633
58.0 53.16681671142578
49.0 49.59115219116211
46.0 51.72896957397461
53.0 43.59605026245117
3.0 52.155601501464844
50.0 46.89154052734375
3.0 47.17757034301758
57.0 47.68693923950195
44.0 41.43253707885742
7.0 48.674278259277344
43.0 49.12217712402344
17.0 47.49739074707031
65.0 48.92153549194336
58.0 49.99235153198242
71.0 49.67683029174805
41.0 54.830562591552734
76.0 52.177181243896484
52.0 52.51942825317383
48.0 47.221885681152344
63.0 52.686546325683594
52.0 44.580291748046875
65.0 47.50190734863281
78.0 44.790096282958984
0.0 48.851318359375
73.0 48.89604187011719
41.0 45.58984375
59.0 47.22503662109375
51.0 48.31113052368164
68.0 49.12217712402344
44.0 48.74005889892578
64.0 49.06282043457031
49.0 45.064022064208984
60.0 49.39197540283203
37.0 56.6930046081543
65.0 48.78078079223633
67.0 46.452476501464844
39.0 48.89634323120117
55.0 49.04538345336914
4.0 49.981292724609375
58.0 53.3870735168457
56.0 49.45316696166992
83.0 53.05302047729492
61.0 51.46727752685547
66.0 46.91005325317383
76.0 46.98196029663086
72.0 50.74003601074219
66.0 55.24862289428711
59.0 47.72230911254883
14.0 42.79777908325195
73.0 48.45927047729492
45.0 49.16240310668945
54.0 48.31550216674805
40.0 55.20098876953125
60.0 47.85951232910156
69.0 65.67021942138672
33.0 48.427085876464844
23.0 50.01451873779297
70.0 53.99274826049805
65.0 51.130767822265625
21.0 47.17757034301758
58.0 56.83438491821289
77.0 55.87740707397461
0.0 48.23313522338867
54.0 50.02480697631836
32.0 49.68561935424805
39.0 50.08187484741211
75.0 49.33718490600586
51.0 47.19988250732422
60.0 44.58567428588867
17.0 47.745540618896484
48.0 53.37892532348633
32.0 46.69623947143555
59.0 48.798187255859375
24.0 51.067710876464844
54.0 50.829437255859375
88.0 52.773868560791016
78.0 48.57060623168945
75.0 49.6400146484375
19.0 49.29217529296875
65.0 49.18302917480469
45.0 57.46028137207031
44.0 48.31550216674805
62.0 47.745540618896484
9.0 47.17757034301758
47.0 47.44224166870117
29.0 37.67427062988281
56.0 48.89533996582031
73.0 49.649742126464844
63.0 47.9758415222168
13.0 46.910762786865234
62.0 51.06787872314453
72.0 47.745540618896484
63.0 53.54151916503906
45.0 48.988670349121094
56.0 50.73714828491211
67.0 57.546104431152344
72.0 50.85171127319336
68.0 52.256317138671875
39.0 46.93861389160156
10.0 48.40451431274414
18.0 54.664710998535156
65.0 59.83403396606445
49.0 54.86602020263672
49.0 48.188411712646484
51.0 48.45927047729492
62.0 47.745540618896484
65.0 48.898353576660156
56.0 52.03607177734375
63.0 54.581748962402344
36.0 52.91561508178711
55.0 50.53630065917969
48.0 49.045692443847656
58.0 55.048282623291016
63.0 52.22685241699219
41.0 47.9758415222168
18.0 50.795745849609375
44.0 47.874595642089844
46.0 57.38633728027344
62.0 34.65845489501953
75.0 48.856754302978516
43.0 54.32754135131836
38.0 48.09182357788086
85.0 49.642555236816406
58.0 45.33794021606445
57.0 50.04326248168945
0.0 52.00553512573242
61.0 55.685523986816406
52.0 48.69017028808594
62.0 45.43110275268555
0.0 45.43585968017578
55.0 49.4592399597168
5.0 37.42511749267578
86.0 47.745540618896484
26.0 46.72953414916992
47.0 54.79627227783203
64.0 47.33229446411133
32.0 49.13300704956055
22.0 48.37358474731445
55.0 43.42494583129883
35.0 43.35869598388672
48.0 47.6558837890625
34.0 51.32987976074219
13.0 50.947959899902344
18.0 48.745689392089844
39.0 44.393043518066406
67.0 50.963111877441406
60.0 47.884559631347656
40.0 48.23313522338867
51.0 54.57038879394531
21.0 48.76968002319336
71.0 47.969608306884766
5.0 47.220375061035156
43.0 51.428123474121094
43.0 49.57001876831055
51.0 49.42625045776367
32.0 49.59759521484375
72.0 53.43730926513672
26.0 50.15277862548828
60.0 51.90957260131836
42.0 47.9758415222168
55.0 49.04351806640625
12.0 49.188133239746094
73.0 53.74260711669922
2.0 51.965301513671875
52.0 47.902164459228516
42.0 48.188411712646484
41.0 41.372802734375
36.0 51.0955924987793
48.0 48.96529006958008
55.0 47.39120101928711
63.0 49.85273742675781
69.0 48.032222747802734
65.0 54.99696350097656
58.0 47.55807113647461
49.0 54.20610046386719
62.0 51.939918518066406
59.0 50.74155807495117
81.0 47.81330108642578
60.0 48.49444580078125
64.0 47.285221099853516
71.0 46.53826904296875
3.0 46.511131286621094
51.0 49.05207061767578
28.0 49.15205764770508
22.0 49.7297248840332
46.0 49.24222946166992
8.0 50.6917610168457
65.0 45.18259048461914
49.0 46.30893325805664
32.0 48.089813232421875
39.0 46.53746795654297
11.0 52.46430206298828
74.0 52.92874526977539
64.0 48.96620178222656
63.0 48.77532196044922
7.0 47.91634750366211
71.0 39.57799530029297
38.0 45.2678337097168
44.0 52.28484344482422
55.0 48.23313522338867
77.0 52.11632537841797
26.0 48.03199005126953
48.0 48.84815216064453
49.0 48.358036041259766
63.0 48.77971267700195
66.0 53.90515899658203
17.0 47.00286102294922
44.0 49.92331314086914
59.0 57.11968994140625
40.0 52.223472595214844
26.0 47.959564208984375
53.0 42.72206115722656
40.0 50.2438850402832
12.0 49.58024978637695
37.0 50.010501861572266
76.0 64.41214752197266
51.0 51.412784576416016
66.0 46.67790603637695
72.0 52.739990234375
58.0 45.94209671020508
21.0 47.27931594848633
40.0 53.10612869262695
8.0 47.002647399902344
66.0 58.960418701171875
51.0 52.93857955932617
39.0 53.692447662353516
14.0 47.012969970703125
60.0 47.78810501098633
44.0 58.37091827392578
52.0 48.097774505615234
64.0 53.72642135620117
54.0 49.985286712646484
52.0 50.29066467285156
34.0 50.83155822753906
55.0 52.86109924316406
58.0 47.9758415222168
50.0 47.17757034301758
66.0 64.40767669677734
48.0 55.67560577392578
45.0 48.74553680419922
52.0 48.78172302246094
48.0 50.08259582519531
93.0 47.17757034301758
63.0 52.40898895263672
66.0 48.822486877441406
68.0 52.7960090637207
59.0 49.397926330566406
58.0 41.346981048583984
39.0 47.872894287109375
67.0 45.82196044921875
70.0 50.736690521240234
3.0 46.960697174072266
50.0 47.55691146850586
61.0 47.17757034301758
69.0 51.59407043457031
52.0 53.607330322265625
59.0 50.92540740966797
28.0 45.872413635253906
55.0 45.529911041259766
73.0 55.235774993896484
60.0 46.55954360961914
40.0 48.529788970947266
56.0 43.738731384277344
67.0 47.40494155883789
72.0 48.188411712646484
66.0 51.53828811645508
67.0 52.942893981933594
68.0 46.528621673583984
50.0 48.74553680419922
74.0 48.35129165649414
46.0 47.1523551940918
73.0 51.27913284301758
48.0 48.96529006958008
62.0 51.017478942871094
22.0 38.80229568481445
15.0 47.848838806152344
31.0 47.17757034301758
13.0 46.888675689697266
58.0 54.63032531738281
61.0 50.15467071533203
67.0 52.52330780029297
68.0 51.79790496826172
62.0 45.51935958862305
59.0 47.745540618896484
7.0 49.22286605834961
57.0 48.227542877197266
24.0 49.1961669921875
60.0 48.85795974731445
11.0 47.913360595703125
41.0 48.213504791259766
69.0 52.77167892456055
61.0 51.02449417114258
67.0 53.612510681152344
53.0 48.1048698425293
51.0 52.54276657104492
33.0 51.87800216674805
47.0 51.94733810424805
44.0 46.72392272949219
78.0 54.39133834838867
82.0 60.677040100097656
48.0 47.5895881652832
75.0 51.60118103027344
60.0 48.89604187011719
47.0 48.665740966796875
76.0 48.85607147216797
78.0 52.067264556884766
53.0 53.40734100341797
54.0 48.80826950073242
46.0 49.57001876831055
67.0 51.338008880615234
49.0 53.131404876708984
16.0 49.236148834228516
35.0 45.17057800292969
64.0 50.88578796386719
54.0 51.51462173461914
58.0 48.88511276245117
70.0 45.01791763305664
47.0 49.126808166503906
43.0 55.76418685913086
70.0 52.050743103027344
6.0 48.30266571044922
44.0 49.33718490600586
67.0 51.82566452026367
13.0 51.412784576416016
63.0 55.480709075927734
63.0 52.62326431274414
45.0 49.65740203857422
42.0 61.469757080078125
16.0 38.087093353271484
80.0 50.68851852416992
58.0 51.368141174316406
56.0 55.518985748291016
67.0 48.50615310668945
54.0 49.39197540283203
37.0 49.462440490722656
60.0 51.732643127441406
0.0 47.745540618896484
65.0 50.7942008972168
73.0 57.482025146484375
70.0 46.421993255615234
30.0 53.22850799560547
59.0 48.2355842590332
52.0 43.31251525878906
46.0 49.12574768066406
63.0 52.282142639160156
68.0 48.77971267700195
50.0 49.11875534057617
16.0 48.89604187011719
67.0 54.37722396850586
48.0 50.1180305480957
50.0 48.46029281616211
63.0 48.097774505615234
2.0 46.238075256347656
53.0 55.336238861083984
66.0 46.39979553222656
58.0 44.0367546081543
51.0 45.597084045410156
58.0 50.61636734008789
51.0 54.21707534790039
65.0 45.68231201171875
47.0 47.13153076171875
64.0 48.89604187011719
60.0 46.7994270324707
38.0 47.745540618896484
42.0 48.30266571044922
53.0 47.902164459228516
1.0 48.188411712646484
64.0 48.754756927490234
50.0 41.43253707885742
62.0 53.52447509765625
57.0 55.30942153930664
74.0 49.67930221557617
59.0 48.2137565612793
35.0 53.438751220703125
79.0 48.097774505615234
2.0 47.802921295166016
61.0 47.33018112182617
53.0 50.970664978027344
50.0 48.45927047729492
55.0 53.37593460083008
0.0 54.223785400390625
64.0 49.922908782958984
45.0 41.43253707885742
68.0 45.53813934326172
45.0 47.78023147583008
24.0 39.99974822998047
41.0 37.475948333740234
42.0 48.40478515625
84.0 50.11103057861328
12.0 48.328304290771484
70.0 53.08318328857422
63.0 52.8954963684082
52.0 49.005367279052734
44.0 45.857177734375
45.0 59.600624084472656
56.0 48.30439376831055
50.0 48.93317794799805
70.0 53.22203826904297
94.0 56.93742370605469
64.0 49.03853988647461
49.0 48.877708435058594
43.0 41.138301849365234
20.0 50.21106719970703
81.0 52.98070526123047
38.0 45.71830368041992
52.0 52.62326431274414
59.0 42.10308837890625
63.0 50.85171127319336
48.0 53.40932083129883
49.0 52.79680633544922
37.0 47.146705627441406
71.0 49.51158905029297
58.0 55.49219512939453
62.0 50.41616439819336
55.0 47.291542053222656
66.0 49.33039474487305
62.0 47.8136100769043
55.0 49.80194854736328
69.0 56.30268478393555
39.0 51.24272918701172
31.0 52.11632537841797
65.0 49.39026641845703
77.0 48.45927047729492
39.0 48.58828353881836
67.0 48.89604187011719
64.0 49.65433883666992
63.0 50.45703887939453
59.0 49.596317291259766
46.0 48.126949310302734
19.0 50.619598388671875
54.0 51.34601593017578
2.0 49.48573303222656
71.0 48.26028823852539
90.0 54.66117858886719
53.0 46.99018859863281
52.0 52.05516052246094
30.0 57.24684143066406
72.0 51.4288215637207
57.0 50.368282318115234
56.0 47.15764236450195
60.0 49.08038330078125
61.0 49.045692443847656
49.0 50.91641616821289
51.0 54.27071762084961
75.0 51.29219436645508
5.0 49.56590270996094
58.0 49.57001876831055
15.0 48.69544982910156
41.0 41.23640060424805
41.0 37.94110107421875
52.0 35.48012161254883
59.0 47.015098571777344
50.0 47.41093444824219
57.0 47.9758415222168
64.0 50.97312545776367
43.0 48.23313522338867
72.0 48.077239990234375
73.0 53.10806655883789
47.0 46.89297103881836
52.0 50.285377502441406
62.0 50.36064147949219
73.0 52.39863586425781
40.0 50.858360290527344
66.0 51.350711822509766
45.0 52.244720458984375
59.0 50.113704681396484
33.0 47.61376190185547
50.0 45.441829681396484
60.0 47.17757034301758
64.0 62.945518493652344
50.0 48.58293914794922
48.0 48.188411712646484
60.0 49.67930221557617
5.0 52.99041748046875
11.0 57.77723693847656
73.0 51.36125564575195
42.0 48.6375846862793
37.0 49.46748733520508
52.0 47.454776763916016
49.0 48.13774108886719
70.0 48.171382904052734
77.0 47.434059143066406
46.0 48.28211212158203
57.0 51.91965866088867
43.0 53.23854446411133
15.0 53.653358459472656
73.0 51.64009475708008
39.0 53.289127349853516
22.0 48.23313522338867
56.0 47.866458892822266
64.0 51.68364334106445
22.0 39.88503646850586
50.0 48.81203079223633
57.0 52.698890686035156
67.0 51.054298400878906
42.0 46.154632568359375
37.0 47.745540618896484
62.0 55.99766540527344
61.0 52.92874526977539
69.0 48.37630844116211
18.0 47.17757034301758
53.0 54.49335479736328
8.0 48.0377197265625
50.0 50.417266845703125
50.0 47.5214729309082
51.0 52.54777145385742
53.0 48.78172302246094
25.0 43.297359466552734
38.0 50.347808837890625
32.0 42.01826095581055
33.0 45.18926239013672
45.0 47.28972244262695
24.0 51.79319763183594
56.0 51.11741256713867
43.0 48.78389358520508
42.0 47.291542053222656
90.0 54.46296691894531
69.0 48.69544982910156
8.0 46.95439147949219
0.0 50.06672286987305
89.0 56.12306594848633
48.0 53.60498046875
18.0 50.72084426879883
98.0 50.42232894897461
74.0 58.65612030029297
52.0 57.343238830566406
65.0 54.87412643432617
58.0 48.188411712646484
55.0 47.8818244934082
44.0 47.17757034301758
52.0 57.297828674316406
48.0 45.96952819824219
22.0 48.90310287475586
34.0 50.482208251953125
75.0 52.26811599731445
2.0 50.8895149230957
4.0 48.132328033447266
31.0 46.935977935791016
69.0 47.39529800415039
47.0 52.019386291503906
73.0 50.03376388549805
11.0 47.745540618896484
42.0 52.96529006958008
31.0 47.17757034301758
67.0 50.850704193115234
36.0 42.15839767456055
46.0 48.09182357788086
36.0 48.097774505615234
54.0 49.236148834228516
75.0 63.544715881347656
50.0 47.651580810546875
38.0 47.01752471923828
9.0 47.306602478027344
76.0 46.29424285888672
12.0 44.179176330566406
52.0 50.391910552978516
50.0 49.93088150024414
50.0 55.205039978027344
59.0 48.097774505615234
59.0 54.94526672363281
38.0 46.96275329589844
0.0 49.78388977050781
37.0 51.40446853637695
73.0 53.3362922668457
34.0 47.17757034301758
58.0 58.56679916381836
43.0 49.539005279541016
14.0 51.28868865966797
64.0 58.33906173706055
45.0 43.70879364013672
43.0 48.89604187011719
64.0 49.63770294189453
65.0 51.110740661621094
80.0 54.37342834472656
40.0 49.26949691772461
58.0 47.848453521728516
75.0 52.26439666748047
79.0 49.06282043457031
47.0 48.78172302246094
51.0 44.82636260986328
21.0 50.86677169799805
52.0 49.045692443847656
54.0 45.89137268066406
77.0 47.745540618896484
66.0 45.94627380371094
54.0 47.56787872314453
41.0 47.85380554199219
82.0 62.032135009765625
75.0 54.98691177368164
68.0 46.892799377441406
51.0 42.684391021728516
61.0 59.65495300292969
31.0 47.97216033935547
62.0 48.98237228393555
28.0 46.73406219482422
77.0 50.88886260986328
75.0 52.875885009765625
38.0 48.84209442138672
60.0 48.865177154541016
69.0 44.21034240722656
71.0 47.84395217895508
38.0 49.22286605834961
80.0 52.75309753417969
50.0 46.60588836669922
87.0 58.99141311645508
3.0 50.41897964477539
56.0 51.021995544433594
85.0 55.716468811035156
58.0 48.45927047729492
56.0 55.07310104370117
42.0 48.20792007446289
60.0 52.363807678222656
0.0 63.44871520996094
58.0 48.30266571044922
75.0 49.54308319091797
57.0 51.8985595703125
26.0 47.63089370727539
31.0 44.05850601196289
45.0 47.17757034301758
67.0 50.5272216796875
60.0 51.845516204833984
64.0 49.14422607421875
51.0 55.240596771240234
57.0 47.942325592041016
56.0 51.23167037963867
50.0 47.745540618896484
76.0 51.34312057495117
57.0 48.93317794799805
65.0 48.54918670654297
82.0 52.24484634399414
41.0 46.21780014038086
53.0 51.412784576416016
61.0 50.19062042236328
59.0 51.73603439331055
44.0 52.418052673339844
52.0 52.39287567138672
34.0 45.824729919433594
50.0 47.80118942260742
47.0 48.587711334228516
45.0 48.59946060180664
42.0 48.48008346557617
70.0 47.40583038330078
81.0 47.65672302246094
31.0 46.84623336791992
42.0 48.19691467285156
16.0 48.097774505615234
30.0 49.66342544555664
80.0 53.762062072753906
63.0 47.745540618896484
45.0 43.2424201965332
61.0 47.74484634399414
13.0 48.67589569091797
23.0 49.607017517089844
46.0 47.89081573486328
51.0 49.675880432128906
70.0 53.8427734375
79.0 48.000335693359375
32.0 53.80848693847656
68.0 48.71046829223633
76.0 49.64836883544922
16.0 52.26020812988281
26.0 52.81421661376953
52.0 48.49282455444336
73.0 54.07469177246094
45.0 50.99038314819336
73.0 53.27402114868164
44.0 49.846763610839844
38.0 47.291542053222656
69.0 48.186683654785156
44.0 50.3801383972168
14.0 52.18598937988281
62.0 63.6552734375
76.0 49.43319320678711
74.0 51.024269104003906
46.0 47.5246696472168
1.0 52.58863830566406
51.0 54.47130584716797
81.0 49.75682830810547
31.0 43.650856018066406
56.0 48.580142974853516
63.0 48.99017333984375
40.0 47.9869499206543
58.0 48.327728271484375
78.0 48.188411712646484
69.0 51.412784576416016
92.0 52.5290641784668
18.0 55.23490524291992
24.0 53.77347183227539
64.0 47.17757034301758
52.0 48.1631965637207
35.0 55.49464416503906
49.0 45.94244384765625
33.0 48.188411712646484
63.0 48.00410461425781
27.0 49.082889556884766
69.0 49.431705474853516
27.0 40.01509475708008
36.0 49.045692443847656
54.0 65.34490966796875
26.0 49.12217712402344
5.0 48.12773513793945
58.0 47.17757034301758
52.0 50.34553527832031
62.0 47.9758415222168
35.0 48.77971267700195
66.0 55.175418853759766
8.0 57.27252197265625
66.0 51.04985427856445
77.0 55.384193420410156
14.0 52.09611892700195
62.0 48.31550216674805
48.0 47.41093444824219
31.0 47.67918014526367
59.0 45.371395111083984
34.0 47.745540618896484
20.0 51.16303253173828
52.0 47.17757034301758
24.0 48.811058044433594
51.0 51.72896957397461
20.0 50.40980529785156
70.0 51.18815994262695
63.0 45.836666107177734
57.0 52.08936309814453
42.0 45.20197677612305
23.0 47.17757034301758
36.0 48.614990234375
63.0 50.174964904785156
43.0 54.57726287841797
53.0 49.76264190673828
54.0 47.69514465332031
48.0 47.9241943359375
64.0 49.47254943847656
41.0 46.5798454284668
63.0 47.9758415222168
38.0 55.17166519165039
58.0 48.318885803222656
57.0 52.09123611450195
0.0 52.579429626464844
46.0 53.175201416015625
60.0 47.8943977355957
7.0 47.549930572509766
56.0 56.74650192260742
49.0 55.4538688659668
54.0 53.16511917114258
59.0 51.00916290283203
43.0 47.19780349731445
66.0 53.24738693237305
7.0 53.78187561035156
48.0 48.199520111083984
63.0 47.67322540283203
60.0 55.96147537231445
49.0 48.188411712646484
1.0 42.82400894165039
43.0 48.06474685668945
69.0 47.15180969238281
55.0 48.665740966796875
58.0 55.166133880615234
13.0 47.745540618896484
87.0 49.44132614135742
52.0 48.05744552612305
27.0 47.41093444824219
63.0 46.30400848388672
42.0 40.66551208496094
27.0 48.03779220581055
17.0 43.493350982666016
8.0 43.911537170410156
51.0 47.19988250732422
60.0 43.976314544677734
62.0 55.74570083618164
18.0 48.8006477355957
53.0 48.4539680480957
62.0 47.75569534301758
16.0 54.782501220703125
48.0 49.10551834106445
72.0 49.933467864990234
55.0 49.62788009643555
60.0 47.745540618896484
65.0 39.077388763427734
71.0 54.088626861572266
32.0 51.57561492919922
45.0 48.06351089477539
70.0 49.544681549072266
38.0 48.188411712646484
58.0 49.397926330566406
49.0 47.90235900878906
31.0 53.56383514404297
60.0 49.64740753173828
3.0 47.21294021606445
54.0 48.21174621582031
36.0 48.73972702026367
77.0 52.95014953613281
77.0 49.09157943725586
26.0 45.20894241333008
66.0 52.58550262451172
46.0 51.437828063964844
54.0 47.29355239868164
56.0 47.393287658691406
56.0 45.571815490722656
27.0 47.745540618896484
87.0 65.4852523803711
61.0 53.5755615234375
86.0 47.39529800415039
77.0 62.075382232666016
54.0 41.808895111083984
45.0 47.69396209716797
62.0 52.04068374633789
57.0 47.745540618896484
58.0 48.05466842651367
33.0 47.562076568603516
56.0 48.37852478027344
58.0 47.83355712890625
44.0 48.23313522338867
48.0 48.45927047729492
22.0 48.642513275146484
55.0 48.637393951416016
55.0 47.9758415222168
76.0 48.45927047729492
51.0 53.699371337890625
66.0 52.88433837890625
0.0 54.15580749511719
63.0 50.849063873291016
61.0 48.743045806884766
37.0 47.9758415222168
63.0 53.88494873046875
55.0 57.11076736450195
50.0 48.76728057861328
34.0 47.17757034301758
6.0 49.397926330566406
33.0 49.86776351928711
61.0 46.620018005371094
0.0 44.57607650756836
46.0 50.363372802734375
73.0 51.07688522338867
22.0 51.21828842163086
64.0 51.381591796875
36.0 53.22404861450195
48.0 52.19952392578125
69.0 52.14479064941406
10.0 49.73252868652344
85.0 58.61138153076172
53.0 48.01401901245117
53.0 47.80118942260742
56.0 48.23313522338867
41.0 47.17757034301758
41.0 50.06783676147461
2.0 49.5622673034668
39.0 52.056068420410156
82.0 47.950626373291016
55.0 47.745540618896484
68.0 52.02739334106445
70.0 49.20088577270508
51.0 49.33039474487305
78.0 47.08013153076172
47.0 49.61565399169922
35.0 48.012977600097656
55.0 50.796695709228516
50.0 47.227169036865234
30.0 58.72746658325195
24.0 50.1795654296875
63.0 45.75227737426758
47.0 48.20579528808594
53.0 51.01482391357422
65.0 51.412784576416016
16.0 48.754756927490234
76.0 53.23041915893555
34.0 47.55012512207031
65.0 64.55985260009766
48.0 50.80876541137695
31.0 50.09526443481445
54.0 47.44415283203125
58.0 41.219703674316406
6.0 53.39838409423828
60.0 47.78094482421875
47.0 50.90149688720703
60.0 48.84467697143555
36.0 51.75730514526367
2.0 47.745540618896484
44.0 48.007896423339844
42.0 43.738731384277344
0.0 48.66549301147461
66.0 48.40152359008789
65.0 34.32050323486328
62.0 50.182498931884766
39.0 47.17757034301758
69.0 47.9758415222168
58.0 48.89604187011719
30.0 49.200374603271484
9.0 53.81757354736328
67.0 53.77097702026367
60.0 47.86152267456055
58.0 58.65935516357422
69.0 47.745540618896484
52.0 54.86335754394531
42.0 54.95010757446289
27.0 48.01976013183594
59.0 50.57190704345703
1.0 42.684391021728516
40.0 55.859066009521484
32.0 47.05791091918945
32.0 47.0811882019043
57.0 52.795440673828125
51.0 48.09720993041992
8.0 54.79978942871094
56.0 50.00379180908203
77.0 47.64949417114258
52.0 47.3533935546875
61.0 48.107208251953125
48.0 48.59529113769531
51.0 53.00946807861328
63.0 51.83455276489258
67.0 57.14554977416992
41.0 47.902164459228516
38.0 47.9758415222168
66.0 48.56904983520508
22.0 44.817596435546875
44.0 53.13341522216797
47.0 53.52018356323242
45.0 52.11632537841797
47.0 51.31467056274414
36.0 47.17757034301758
64.0 47.81145477294922
45.0 44.07695007324219
42.0 42.531402587890625
52.0 48.621639251708984
72.0 56.45207214355469
70.0 57.413978576660156
75.0 50.22996139526367
34.0 48.27311325073242
50.0 48.097774505615234
65.0 48.82902908325195
51.0 49.54994583129883
51.0 53.51014709472656
85.0 46.969764709472656
72.0 53.10293197631836
79.0 50.71711349487305
77.0 53.500999450683594
93.0 55.22658157348633
41.0 53.3021354675293
55.0 46.93861389160156
53.0 47.14547348022461
10.0 48.169002532958984
54.0 48.62604904174805
71.0 56.50887680053711
38.0 48.731746673583984
14.0 57.76259231567383
63.0 47.00586700439453
71.0 53.403011322021484
81.0 49.03916549682617
39.0 47.42272186279297
61.0 48.99421691894531
0.0 48.188411712646484
54.0 48.26028823852539
35.0 31.744779586791992
21.0 47.788394927978516
3.0 47.17757034301758
74.0 54.88975143432617
55.0 47.94001770019531
77.0 47.922847747802734
29.0 41.43253707885742
77.0 41.0488395690918
75.0 54.77066421508789
66.0 52.63007736206055
40.0 50.2628059387207
47.0 51.224037170410156
18.0 52.824432373046875
14.0 49.33718490600586
17.0 49.21247100830078
23.0 45.795509338378906
77.0 47.115638732910156
37.0 51.68259048461914
51.0 50.19619369506836
50.0 49.15614700317383
52.0 49.57001876831055
44.0 50.430519104003906
55.0 47.887474060058594
34.0 52.906890869140625
52.0 53.49490737915039
46.0 59.69794464111328
58.0 46.47551727294922
53.0 45.9390983581543
50.0 51.48940658569336
79.0 46.635074615478516
43.0 48.59946060180664
54.0 47.21294021606445
10.0 47.745540618896484
41.0 48.665740966796875
44.0 45.532962799072266
87.0 53.471683502197266
54.0 52.6906852722168
53.0 48.665740966796875
48.0 48.504695892333984
37.0 47.745540618896484
72.0 52.98070526123047
70.0 51.381980895996094
4.0 52.31998062133789
49.0 50.37529754638672
70.0 53.73925018310547
63.0 49.06776809692383
60.0 49.50505065917969
57.0 49.029296875
40.0 47.17757034301758
43.0 48.19108200073242
41.0 45.475120544433594
78.0 55.150028228759766
53.0 48.097774505615234
35.0 62.55494689941406
64.0 51.234554290771484
71.0 52.429813385009766
78.0 47.9758415222168
64.0 47.02732467651367
69.0 49.195533752441406
41.0 48.205657958984375
53.0 48.097774505615234
3.0 56.89042282104492
75.0 49.65021514892578
53.0 47.19953536987305
63.0 53.836238861083984
48.0 44.65178298950195
38.0 47.17757034301758
62.0 48.4393196105957
73.0 47.10397720336914
60.0 45.73142623901367
40.0 47.3443489074707
59.0 48.885833740234375
81.0 50.81125259399414
62.0 43.860328674316406
56.0 54.598960876464844
52.0 47.90382766723633
46.0 55.544036865234375
67.0 50.04568862915039
0.0 49.19567108154297
7.0 52.84428787231445
66.0 54.94521713256836
66.0 49.79447555541992
67.0 43.489501953125
70.0 48.705345153808594
70.0 53.943058013916016
70.0 51.52280807495117
68.0 49.55838394165039
11.0 53.40085220336914
65.0 53.55183792114258
36.0 60.195701599121094
36.0 52.147193908691406
58.0 47.17757034301758
58.0 47.17757034301758
67.0 52.31496047973633
67.0 54.47795867919922
55.0 48.45927047729492
37.0 51.017845153808594
52.0 49.12218475341797
60.0 47.21294021606445
44.0 53.28487014770508
19.0 48.3999137878418
3.0 47.74699401855469
12.0 54.212120056152344
25.0 44.97090148925781
50.0 48.36857986450195
0.0 55.38324737548828
63.0 51.61531066894531
65.0 49.408443450927734
64.0 48.45927047729492
79.0 50.7579460144043
46.0 47.709659576416016
46.0 48.317710876464844
23.0 47.950626373291016
21.0 50.014652252197266
79.0 46.62617111206055
49.0 45.25139236450195
54.0 48.57106399536133
70.0 52.76694107055664
44.0 48.75167465209961
70.0 49.544681549072266
40.0 44.636695861816406
82.0 55.284053802490234
1.0 46.366790771484375
69.0 50.022396087646484
57.0 52.48649978637695
67.0 47.81145477294922
72.0 42.02577590942383
2.0 49.96916580200195
44.0 48.95744323730469
74.0 51.193016052246094
64.0 52.56053161621094
33.0 51.17095947265625
29.0 44.67129898071289
19.0 55.83312225341797
45.0 50.970672607421875
41.0 47.902164459228516
27.0 54.22445297241211
47.0 54.29190444946289
48.0 48.62664031982422
54.0 49.361572265625
56.0 48.097774505615234
76.0 49.06282043457031
94.0 62.97344207763672
5.0 54.79655838012695
51.0 46.63421630859375
59.0 53.68260192871094
60.0 50.39363098144531
64.0 52.096343994140625
69.0 54.15580749511719
60.0 47.616981506347656
30.0 46.07482147216797
82.0 57.22846603393555
15.0 47.17757034301758
9.0 48.575252532958984
49.0 51.90434265136719
56.0 51.606746673583984
41.0 52.21174621582031
41.0 47.745540618896484
49.0 47.745540618896484
54.0 54.70635223388672
47.0 55.12965393066406
44.0 48.865177154541016
60.0 57.977439880371094
48.0 50.873226165771484
49.0 47.58347702026367
75.0 48.74553680419922
62.0 47.745540618896484
52.0 57.410919189453125
47.0 47.678985595703125
66.0 49.75099182128906
49.0 62.559818267822266
74.0 47.22503662109375
23.0 36.09176254272461
44.0 52.55780029296875
61.0 48.55998992919922
69.0 47.17757034301758
66.0 49.385841369628906
55.0 48.5732421875
62.0 51.4575080871582
51.0 56.67097854614258
63.0 44.65857696533203
2.0 48.479248046875
42.0 48.480167388916016
49.0 41.47153091430664
66.0 53.45356750488281
63.0 49.48879623413086
18.0 48.50135803222656
23.0 49.7185173034668
54.0 47.585636138916016
13.0 49.11471939086914
16.0 32.853736877441406
41.0 49.63528823852539
77.0 52.901519775390625
70.0 48.75387954711914
43.0 48.83327865600586
24.0 48.22957992553711
51.0 48.36915969848633
79.0 56.619873046875
43.0 51.5360107421875
39.0 49.2575569152832
47.0 53.867671966552734
44.0 39.59027099609375
66.0 48.7913703918457
83.0 56.377750396728516
68.0 48.097774505615234
59.0 49.683990478515625
69.0 50.19224548339844
27.0 50.438541412353516
67.0 48.397178649902344
85.0 60.09918975830078
70.0 47.9758415222168
44.0 47.80118942260742
6.0 52.712467193603516
50.0 49.21928405761719
23.0 47.745540618896484
23.0 53.407466888427734
41.0 48.59604263305664
40.0 47.902164459228516
50.0 48.01633071899414
58.0 47.27931594848633
64.0 48.65690994262695
66.0 55.91538619995117
27.0 49.081478118896484
23.0 48.665740966796875
37.0 49.290992736816406
17.0 41.308677673339844
73.0 49.24551773071289
51.0 48.089813232421875
35.0 47.86152267456055
48.0 54.779502868652344
56.0 50.67119598388672
56.0 54.88197326660156
66.0 47.627925872802734
66.0 48.188411712646484
36.0 50.713314056396484
49.0 47.48514938354492
61.0 52.63864517211914
14.0 47.9758415222168
44.0 48.45927047729492
1.0 50.047607421875
61.0 48.01406478881836
72.0 48.30238342285156
53.0 51.01472473144531
70.0 47.91219711303711
11.0 48.67881393432617
74.0 48.4703254699707
47.0 55.79999542236328
41.0 45.56847381591797
74.0 53.49687957763672
61.0 47.39779281616211
56.0 48.781959533691406
59.0 50.131683349609375
18.0 47.29355239868164
51.0 49.36146545410156
75.0 53.04282760620117
45.0 50.04568862915039
60.0 48.45927047729492
8.0 48.24711608886719
12.0 49.01202392578125
62.0 49.319313049316406
92.0 53.2620849609375
68.0 48.30238342285156
59.0 48.089813232421875
54.0 49.57001876831055
88.0 69.98369598388672
24.0 48.389949798583984
14.0 48.752662658691406
45.0 50.49415588378906
62.0 55.19428253173828
46.0 50.60002899169922
0.0 48.188411712646484
49.0 48.00067138671875
78.0 48.85453796386719
43.0 54.31223678588867
0.0 48.70043182373047
71.0 49.45316696166992
26.0 44.561187744140625
75.0 50.56633377075195
48.0 48.17036819458008
81.0 51.30588150024414
68.0 47.40769958496094
58.0 47.65431213378906
60.0 53.17400360107422
20.0 49.33683776855469
55.0 49.507381439208984
39.0 50.30282211303711
51.0 49.810298919677734
63.0 48.25545120239258
12.0 51.22089385986328
53.0 48.48036193847656
0.0 50.9337043762207
86.0 51.60824966430664
42.0 46.73843002319336
70.0 53.0487060546875
52.0 48.584556579589844
58.0 58.26609420776367
54.0 60.18730163574219
46.0 48.08266067504883
74.0 48.51160430908203
2.0 48.557804107666016
70.0 55.14120101928711
53.0 50.9791145324707
46.0 49.57001876831055
34.0 55.9472541809082
47.0 47.291542053222656
69.0 52.07731246948242
69.0 49.72431182861328
57.0 47.927581787109375
64.0 54.19656753540039
54.0 47.745540618896484
82.0 47.92731857299805
35.0 42.754146575927734
29.0 47.5040168762207
80.0 53.37553024291992
0.0 60.60162353515625
69.0 48.30885314941406
19.0 55.49130630493164
62.0 47.808876037597656
63.0 48.74553680419922
66.0 52.72780227661133
47.0 58.488075256347656
41.0 47.17757034301758
67.0 47.85951232910156
63.0 48.89604187011719
40.0 47.9758415222168
12.0 48.30238342285156
47.0 47.80118942260742
7.0 48.205657958984375
43.0 49.42743682861328
47.0 50.57313537597656
42.0 49.13370895385742
55.0 48.55387496948242
60.0 49.71271896362305
45.0 51.96775817871094
61.0 48.45927047729492
14.0 47.673675537109375
44.0 59.50695037841797
55.0 51.845611572265625
58.0 47.17757034301758
77.0 55.27130126953125
56.0 50.15810012817383
57.0 52.072017669677734
38.0 47.3443489074707
38.0 55.06670379638672
48.0 53.10415267944336
52.0 55.43796920776367
51.0 52.87505340576172
48.0 46.69179916381836
69.0 46.97825241088867
64.0 43.2895622253418
63.0 46.10929489135742
29.0 48.429473876953125
1.0 56.85474395751953
49.0 62.18682098388672
38.0 46.75605010986328
49.0 54.1987190246582
58.0 47.08013153076172
43.0 51.92472457885742
61.0 48.9068603515625
38.0 45.589290618896484
45.0 46.829864501953125
37.0 47.9758415222168
33.0 46.32568359375
42.0 48.89604187011719
63.0 47.597198486328125
37.0 50.19386291503906
57.0 49.29205322265625
50.0 53.58539962768555
59.0 48.4542236328125
46.0 48.851318359375
70.0 58.07237243652344
51.0 54.71293258666992
48.0 45.674015045166016
65.0 50.36728286743164
87.0 48.649471282958984
16.0 59.669769287109375
8.0 47.17757034301758
31.0 45.747859954833984
46.0 52.79511642456055
55.0 55.542179107666016
9.0 54.07469177246094
75.0 47.17757034301758
69.0 50.0916748046875
62.0 46.018516540527344
34.0 47.17757034301758
47.0 47.17757034301758
68.0 60.37894821166992
66.0 55.62380599975586
39.0 48.097774505615234
67.0 53.255916595458984
55.0 56.07123947143555
42.0 46.46932601928711
27.0 45.645931243896484
69.0 50.422210693359375
68.0 52.26103973388672
77.0 55.49130630493164
46.0 61.736351013183594
51.0 47.9758415222168
23.0 56.332210540771484
78.0 63.85212707519531
56.0 55.22630310058594
33.0 49.4815788269043
62.0 59.62932586669922
54.0 47.1523551940918
0.0 47.745540618896484
43.0 53.15279006958008
63.0 47.44602584838867
40.0 49.12217712402344
77.0 49.35322189331055
44.0 52.7383918762207
54.0 34.060401916503906
71.0 51.845611572265625
43.0 53.13850021362305
38.0 52.95756149291992
29.0 47.22317123413086
49.0 37.057838439941406
2.0 48.76011657714844
11.0 47.9758415222168
55.0 51.82581329345703
42.0 56.13616943359375
54.0 50.446964263916016
29.0 47.3255729675293
57.0 48.097774505615234
50.0 53.22404861450195
64.0 48.188411712646484
30.0 43.333717346191406
60.0 52.46261215209961
58.0 50.010501861572266
63.0 53.237464904785156
69.0 48.77971267700195
17.0 50.73286819458008
50.0 47.50075149536133
56.0 51.778656005859375
59.0 53.702125549316406
53.0 55.30744171142578
62.0 49.76480484008789
74.0 48.716304779052734
42.0 54.159610748291016
57.0 47.88019943237305
45.0 47.745540618896484
69.0 48.23313522338867
2.0 52.63007736206055
72.0 50.13119125366211
48.0 54.01902770996094
61.0 52.666648864746094
24.0 50.32567596435547
71.0 52.48184585571289
73.0 47.17757034301758
75.0 51.08954620361328
32.0 48.70143127441406
81.0 47.961605072021484
51.0 47.72230911254883
48.0 54.0165901184082
53.0 46.812015533447266
56.0 47.745540618896484
27.0 45.5161247253418
40.0 48.63536834716797
49.0 49.33039474487305
40.0 45.3266716003418
49.0 44.28155517578125
63.0 52.773681640625
53.0 48.02957534790039
58.0 47.76996994018555
69.0 49.00162124633789
38.0 48.2205810546875
47.0 56.54497146606445
78.0 63.251670837402344
47.0 50.369136810302734
67.0 48.22197723388672
33.0 47.745540618896484
42.0 59.3585319519043
39.0 47.85951232910156
74.0 54.07469177246094
29.0 49.21847915649414
24.0 46.677520751953125
64.0 47.40351867675781
5.0 48.090972900390625
60.0 48.868648529052734
68.0 50.2403450012207
49.0 55.80838394165039
48.0 54.495243072509766
54.0 52.14816665649414
77.0 46.57630920410156
39.0 48.365211486816406
89.0 51.19084930419922
11.0 49.90525817871094
49.0 50.31992721557617
32.0 41.00019454956055
53.0 46.485191345214844
50.0 49.30945587158203
44.0 47.72636032104492
63.0 48.77521514892578
33.0 48.497074127197266
46.0 43.20020294189453
62.0 49.738426208496094
43.0 47.7203254699707
57.0 47.80118942260742
52.0 45.41952896118164
81.0 55.58867263793945
61.0 50.61434555053711
15.0 43.95048904418945
52.0 51.0726432800293
66.0 48.43756103515625
62.0 54.10207748413086
56.0 47.07688522338867
48.0 43.2926139831543
37.0 48.790260314941406
56.0 52.175926208496094
5.0 47.17757034301758
8.0 47.907161712646484
43.0 47.729820251464844
72.0 47.745540618896484
49.0 49.51966094970703
75.0 53.36534118652344
52.0 51.09355545043945
60.0 41.41388702392578
39.0 50.08541488647461
20.0 50.53630065917969
64.0 56.477725982666016
34.0 70.37422180175781
59.0 51.591609954833984
54.0 47.725704193115234
55.0 48.23313522338867
61.0 51.32758712768555
72.0 51.06290054321289
52.0 41.39170455932617
54.0 55.71521759033203
65.0 50.210201263427734
44.0 48.43716049194336
66.0 53.837154388427734
60.0 48.34595489501953
72.0 53.31364440917969
64.0 48.15144729614258
81.0 61.129173278808594
6.0 50.115478515625
27.0 46.834712982177734
51.0 48.49337387084961
79.0 50.909889221191406
61.0 47.9632682800293
61.0 48.68922424316406
67.0 46.96926498413086
58.0 42.01826095581055
45.0 48.36915969848633
1.0 49.254310607910156
39.0 54.074554443359375
63.0 48.188411712646484
34.0 49.082889556884766
67.0 52.08106994628906
60.0 55.91129684448242
10.0 47.56264877319336
11.0 47.745540618896484
40.0 47.265777587890625
1.0 49.38996505737305
67.0 52.62487030029297
0.0 48.37782669067383
63.0 52.18490219116211
55.0 51.32987976074219
54.0 51.62859344482422
39.0 45.6613883972168
57.0 51.412784576416016
5.0 47.39529800415039
0.0 52.21321487426758
36.0 48.89604187011719
37.0 47.72395324707031
71.0 52.049659729003906
65.0 55.031124114990234
57.0 47.87161636352539
23.0 47.480377197265625
63.0 46.38029098510742
34.0 48.69738006591797
41.0 49.28038787841797
65.0 49.237060546875
59.0 61.18279266357422
47.0 50.013248443603516
58.0 52.643157958984375
68.0 50.03337478637695
40.0 47.717567443847656
56.0 50.763370513916016
42.0 53.61442184448242
61.0 47.745540618896484
0.0 53.05280303955078
50.0 48.98505783081055
53.0 46.23187255859375
40.0 47.83355712890625
45.0 49.427101135253906
56.0 50.69762420654297
35.0 44.5520133972168
76.0 51.412784576416016
60.0 50.87767028808594
47.0 48.665740966796875
40.0 51.6810417175293
48.0 48.213504791259766
68.0 48.209346771240234
67.0 49.95452117919922
54.0 47.996864318847656
0.0 48.36915969848633
66.0 46.352134704589844
60.0 53.12094497680664
7.0 47.745540618896484
0.0 52.81385803222656
11.0 55.04453659057617
64.0 57.06101608276367
56.0 50.19511032104492
15.0 55.49130630493164
61.0 48.31113052368164
52.0 52.03607177734375
72.0 55.63311004638672
39.0 55.07143783569336
25.0 43.70879364013672
53.0 50.045921325683594
39.0 48.18653106689453
24.0 45.11155700683594
58.0 51.0461540222168
27.0 48.53296661376953
46.0 48.45927047729492
0.0 46.64562225341797
57.0 47.745540618896484
71.0 47.745540618896484
39.0 47.745540618896484
44.0 47.17757034301758
63.0 47.17757034301758
47.0 56.41654968261719
2.0 52.83856964111328
84.0 58.37782287597656
56.0 44.667903900146484
58.0 50.45703887939453
17.0 47.975494384765625
34.0 54.05129623413086
1.0 53.862037658691406
1.0 50.102577209472656
0.0 47.562076568603516
67.0 47.63633346557617
55.0 46.226463317871094
26.0 45.66728591918945
68.0 49.88784408569336
64.0 54.6824836730957
71.0 49.951316833496094
53.0 58.551048278808594
70.0 44.77537536621094
63.0 48.575252532958984
54.0 53.943058013916016
61.0 52.66519546508789
45.0 53.37892532348633
2.0 47.17757034301758
53.0 49.096961975097656
42.0 48.09182357788086
62.0 47.17757034301758
51.0 47.80237579345703
16.0 48.435482025146484
66.0 49.54801559448242
66.0 46.90427017211914
42.0 49.86952209472656
59.0 53.00308609008789
52.0 49.886474609375
75.0 48.19505310058594
68.0 54.064781188964844
92.0 57.48769760131836
57.0 50.47895431518555
74.0 52.41655349731445
65.0 47.745540618896484
46.0 50.121131896972656
52.0 49.196048736572266
62.0 49.2381591796875
72.0 55.531917572021484
63.0 47.9758415222168
46.0 46.84296417236328
36.0 47.17757034301758
66.0 45.887935638427734
60.0 51.32632827758789
37.0 47.17757034301758
63.0 49.02655029296875
55.0 46.20689010620117
56.0 49.52351379394531
44.0 50.65269088745117
65.0 47.17757034301758
77.0 55.4329948425293
62.0 55.527889251708984
38.0 49.11622619628906
40.0 47.99202346801758
59.0 45.297019958496094
33.0 47.745540618896484
55.0 52.11632537841797
60.0 47.950626373291016
2.0 47.63888168334961
30.0 47.86152267456055
30.0 49.72953796386719
43.0 55.912620544433594
49.0 47.078346252441406
69.0 51.84931945800781
84.0 61.15134811401367
48.0 50.36213302612305
29.0 47.745540618896484
56.0 47.17757034301758
47.0 50.67119598388672
58.0 48.93994140625
55.0 51.98064041137695
71.0 52.58863830566406
60.0 48.188411712646484
82.0 54.67245101928711
64.0 52.11057662963867
36.0 47.17757034301758
36.0 48.38701248168945
54.0 48.89604187011719
77.0 48.74553680419922
59.0 52.94932556152344
41.0 48.45927047729492
57.0 45.23657989501953
61.0 48.42714309692383
52.0 39.50823974609375
20.0 48.124664306640625
53.0 47.745540618896484
26.0 52.404937744140625
47.0 48.665740966796875
63.0 50.05774688720703
6.0 51.68364334106445
76.0 52.735836029052734
13.0 54.7113037109375
54.0 51.28848648071289
57.0 40.876365661621094
35.0 48.74553680419922
47.0 43.75572204589844
28.0 47.316593170166016
22.0 47.1523551940918
63.0 47.726959228515625
84.0 52.815181732177734
24.0 46.720394134521484
16.0 45.70106506347656
73.0 55.790584564208984
68.0 48.7388801574707
46.0 57.11176300048828
55.0 47.17757034301758
52.0 52.05516052246094
44.0 47.808876037597656
84.0 47.10373306274414
50.0 48.018917083740234
56.0 48.05345916748047
72.0 49.2381591796875
41.0 47.9758415222168
67.0 62.664527893066406
52.0 50.80876541137695
44.0 48.188411712646484
96.0 48.13151931762695
64.0 49.087646484375
47.0 47.64949417114258
52.0 47.80081558227539
71.0 48.01348114013672
46.0 49.003684997558594
59.0 55.760154724121094
65.0 53.358272552490234
71.0 53.88861846923828
79.0 50.057613372802734
77.0 52.26583480834961
76.0 50.604190826416016
68.0 47.745540618896484
39.0 43.8337287902832
73.0 50.53630065917969
67.0 44.151039123535156
39.0 46.47084426879883
90.0 58.61304473876953
63.0 49.567138671875
35.0 44.58567428588867
60.0 47.9758415222168
73.0 49.17729568481445
21.0 52.20281219482422
18.0 50.82780838012695
7.0 46.37751388549805
57.0 53.00227737426758
61.0 47.029335021972656
1.0 52.267845153808594
57.0 46.88813781738281
53.0 54.751216888427734
58.0 50.21143341064453
67.0 47.496826171875
77.0 61.4431037902832
54.0 47.761051177978516
56.0 55.140254974365234
42.0 49.340545654296875
36.0 46.7056770324707
61.0 47.22503662109375
76.0 48.855289459228516
33.0 48.865177154541016
25.0 47.26976013183594
59.0 47.66336441040039
64.0 55.0284309387207
68.0 47.67717361450195
58.0 55.506805419921875
71.0 49.082889556884766
8.0 48.43405532836914
72.0 48.656768798828125
17.0 48.616397857666016
74.0 52.32600021362305
23.0 47.17757034301758
67.0 54.212120056152344
82.0 54.623756408691406
58.0 55.03231430053711
0.0 46.63531494140625
41.0 50.85171127319336
8.0 55.968040466308594
77.0 56.1927375793457
44.0 48.851318359375
65.0 47.17757034301758
25.0 55.2077522277832
72.0 49.57881164550781
66.0 49.27599334716797
65.0 50.55216979980469
71.0 49.01202392578125
48.0 47.31584548950195
19.0 52.33237838745117
76.0 48.84524917602539
18.0 48.23313522338867
54.0 49.256370544433594
59.0 47.582305908203125
1.0 54.02381134033203
83.0 47.39529800415039
32.0 47.58294677734375
80.0 49.00896453857422
3.0 56.18800735473633
10.0 49.19503402709961
55.0 38.17733383178711
43.0 48.36915969848633
70.0 54.46702194213867
62.0 47.80118942260742
39.0 53.924015045166016
2.0 53.338783264160156
68.0 54.62506866455078
55.0 48.593204498291016
53.0 52.74609375
53.0 47.745540618896484
69.0 47.6229248046875
36.0 48.06660842895508
64.0 49.087646484375
57.0 51.412784576416016
41.0 47.96891784667969
71.0 47.58347702026367
31.0 49.397926330566406
58.0 53.09861373901367
62.0 51.412784576416016
53.0 52.41353225708008
22.0 45.173274993896484
14.0 49.2820930480957
48.0 47.96891784667969
77.0 49.27599334716797
0.0 47.27931594848633
53.0 48.83327865600586
18.0 48.188411712646484
64.0 48.188411712646484
79.0 51.27151107788086
64.0 52.737144470214844
65.0 44.75190734863281
55.0 51.825809478759766
86.0 49.427738189697266
72.0 48.78172302246094
60.0 49.751853942871094
47.0 51.11701583862305
48.0 38.950355529785156
60.0 54.90773391723633
30.0 38.930049896240234
58.0 48.171382904052734
49.0 51.43771743774414
60.0 48.665740966796875
66.0 48.851318359375
51.0 49.979949951171875
50.0 59.40679931640625
24.0 51.012516021728516
84.0 62.33633041381836
62.0 48.56370162963867
49.0 49.26266098022461
58.0 48.218841552734375
38.0 53.180259704589844
66.0 47.17757034301758
51.0 48.188411712646484
67.0 56.09552001953125
38.0 47.390411376953125
36.0 48.45927047729492
5.0 47.17757034301758
29.0 48.188411712646484
12.0 60.66799545288086
73.0 49.523231506347656
9.0 51.51484298706055
8.0 52.29770278930664
25.0 44.24832534790039
1.0 48.96730041503906
74.0 47.45663833618164
75.0 48.209346771240234
0.0 54.03953552246094
47.0 52.11632537841797
33.0 47.17757034301758
62.0 59.43889617919922
46.0 49.21793746948242
40.0 48.188411712646484
74.0 49.190155029296875
47.0 46.921939849853516
58.0 48.740020751953125
69.0 48.722713470458984
73.0 51.61531066894531
54.0 49.26266098022461
0.0 59.527198791503906
77.0 49.39322280883789
0.0 49.94318389892578
38.0 47.9758415222168
45.0 53.0604133605957
86.0 46.462642669677734
59.0 51.87346649169922
63.0 55.332271575927734
83.0 47.85951232910156
65.0 50.48225402832031
63.0 63.829010009765625
27.0 49.25554275512695
12.0 45.674015045166016
72.0 45.472023010253906
48.0 47.582374572753906
17.0 37.826419830322266
38.0 49.57001876831055
4.0 47.89689254760742
19.0 53.312164306640625
26.0 50.156471252441406
32.0 47.85380554199219
86.0 52.62316131591797
44.0 49.818965911865234
61.0 46.25814437866211
61.0 53.67441177368164
63.0 48.665740966796875
36.0 50.01858139038086
70.0 49.328453063964844
20.0 47.419193267822266
69.0 49.61493682861328
76.0 46.0107536315918
72.0 47.21294021606445
5.0 47.780426025390625
58.0 55.608177185058594
16.0 52.87028121948242
49.0 43.08004379272461
40.0 45.41952896118164
30.0 49.12217712402344
63.0 52.38896179199219
1.0 48.65590286254883
57.0 47.83355712890625
9.0 48.17873001098633
45.0 48.80806350708008
44.0 49.08127212524414
76.0 51.08056640625
74.0 53.762062072753906
19.0 47.17757034301758
43.0 47.66273498535156
35.0 48.5732421875
68.0 45.85750961303711
42.0 48.13314437866211
54.0 48.10382843017578
40.0 47.68693923950195
61.0 53.017433166503906
3.0 46.10212707519531
70.0 48.657318115234375
36.0 47.91231918334961
45.0 49.74509048461914
43.0 47.27931594848633
81.0 50.92009353637695
65.0 47.68693923950195
94.0 63.448368072509766
70.0 60.56920623779297
50.0 42.792396545410156
2.0 49.082889556884766
2.0 49.57001876831055
7.0 47.99299621582031
53.0 49.48879623413086
82.0 50.970664978027344
75.0 47.17757034301758
70.0 47.83713150024414
74.0 50.35198974609375
65.0 41.441104888916016
47.0 52.229312896728516
38.0 39.72999954223633
46.0 49.683990478515625
41.0 46.956939697265625
63.0 48.15169143676758
44.0 48.76243591308594
68.0 47.17757034301758
32.0 53.982479095458984
52.0 50.25326156616211
54.0 55.198978424072266
62.0 47.745540618896484
24.0 48.6318244934082
69.0 48.851318359375
69.0 47.52129364013672
53.0 52.58076095581055
77.0 49.721641540527344
21.0 48.34294891357422
58.0 47.17757034301758
49.0 49.697261810302734
12.0 50.417659759521484
52.0 45.03963851928711
52.0 48.870826721191406
55.0 51.72202682495117
55.0 48.45927047729492
62.0 49.139320373535156
60.0 47.35482406616211
58.0 52.08111572265625
79.0 49.27599334716797
50.0 58.39762878417969
55.0 52.06049728393555
36.0 49.81572723388672
45.0 43.96274948120117
73.0 51.026817321777344
62.0 43.07608413696289
56.0 50.930702209472656
77.0 49.174072265625
75.0 51.937889099121094
76.0 47.77819061279297
45.0 47.45211410522461
52.0 48.31349182128906
53.0 51.264156341552734
59.0 48.06351089477539
43.0 48.188411712646484
63.0 56.660953521728516
23.0 47.17757034301758
22.0 48.59169387817383
52.0 49.798336029052734
82.0 48.42277145385742
61.0 54.67778015136719
23.0 51.13455581665039
78.0 53.918819427490234
24.0 48.19367599487305
34.0 43.11531066894531
76.0 45.5118522644043
29.0 47.81572341918945
54.0 42.134178161621094
43.0 47.29355239868164
80.0 51.05070877075195
59.0 48.188411712646484
2.0 46.888675689697266
66.0 48.188411712646484
69.0 49.505470275878906
43.0 33.7860107421875
17.0 49.345237731933594
58.0 51.31464767456055
55.0 50.092437744140625
44.0 49.974430084228516
51.0 47.91231918334961
28.0 48.23313522338867
64.0 48.132328033447266
44.0 48.45927047729492
70.0 50.942745208740234
49.0 48.89701461791992
68.0 51.2437629699707
73.0 51.005802154541016
62.0 51.65903091430664
77.0 50.06559371948242
47.0 66.98636627197266
53.0 48.66627502441406
8.0 50.80876541137695
63.0 46.39263153076172
59.0 53.58539962768555
3.0 47.17757034301758
0.0 48.349117279052734
49.0 52.11632537841797
58.0 48.851318359375
43.0 50.49021911621094
18.0 48.118690490722656
25.0 51.90352249145508
65.0 50.118064880371094
37.0 48.37392044067383
43.0 47.17757034301758
27.0 49.12217712402344
88.0 51.6894416809082
45.0 47.17757034301758
33.0 47.745540618896484
56.0 49.30061340332031
44.0 54.69851303100586
37.0 47.99934387207031
66.0 49.989009857177734
38.0 47.51637268066406
59.0 47.80118942260742
53.0 49.54340744018555
77.0 55.25382995605469
61.0 53.52268981933594
69.0 49.8288459777832
76.0 53.09535217285156
88.0 59.59231948852539
34.0 53.57085418701172
66.0 47.5988883972168
13.0 53.77097702026367
75.0 53.29949188232422
61.0 49.7266960144043
45.0 49.010013580322266
55.0 50.84304428100586
74.0 52.52294921875
29.0 40.30747604370117
71.0 50.045562744140625
0.0 50.75765609741211
22.0 48.665740966796875
52.0 48.53296661376953
43.0 47.953731536865234
31.0 48.23313522338867
2.0 49.188133239746094
34.0 47.17757034301758
23.0 53.45866012573242
39.0 51.51436996459961
53.0 52.56254959106445
68.0 53.16623306274414
0.0 46.078094482421875
41.0 49.27599334716797
54.0 51.63471603393555
71.0 52.58391571044922
3.0 52.12736511230469
57.0 48.575252532958984
78.0 40.87662887573242
53.0 40.58306121826172
34.0 48.188411712646484
47.0 54.223785400390625
32.0 49.126190185546875
70.0 55.16240692138672
70.0 47.745540618896484
16.0 48.665740966796875
55.0 47.636131286621094
10.0 48.11739730834961
52.0 47.745540618896484
14.0 50.499759674072266
51.0 47.80118942260742
76.0 49.54774856567383
75.0 48.92629623413086
28.0 53.77317428588867
48.0 48.23313522338867
56.0 47.75871658325195
5.0 48.889949798583984
36.0 47.618194580078125
39.0 48.81203079223633
56.0 48.96730041503906
41.0 47.70389938354492
45.0 52.23085021972656
17.0 46.35602951049805
57.0 49.397926330566406
24.0 46.77217483520508
57.0 48.53296661376953
55.0 47.745540618896484
47.0 47.17757034301758
44.0 49.48879623413086
54.0 48.23313522338867
69.0 45.95307159423828
63.0 46.56330108642578
47.0 52.73313522338867
74.0 46.8770637512207
66.0 49.10688400268555
30.0 50.94044494628906
19.0 50.68648147583008
62.0 49.094032287597656
50.0 46.36992263793945
15.0 48.45927047729492
79.0 55.163612365722656
62.0 49.33718490600586
46.0 49.12217712402344
26.0 54.22438430786133
39.0 52.30134963989258
45.0 52.423221588134766
45.0 49.12217712402344
62.0 48.86527633666992
6.0 47.78023147583008
41.0 54.57854461669922
38.0 48.157711029052734
47.0 46.98196029663086
2.0 49.34695816040039
62.0 56.13409423828125
24.0 48.18486785888672
50.0 47.55012512207031
58.0 47.9241943359375
28.0 47.98283767700195
61.0 50.701637268066406
45.0 47.745540618896484
32.0 42.2548713684082
50.0 49.27151870727539
54.0 47.232975006103516
51.0 48.12849807739258
73.0 57.418643951416016
74.0 48.75217819213867
52.0 51.17689514160156
45.0 48.70111083984375
57.0 48.188411712646484
60.0 53.37142562866211
41.0 52.901798248291016
59.0 49.12217712402344
43.0 44.1279182434082
41.0 49.30876541137695
80.0 53.046913146972656
48.0 51.78117752075195
39.0 47.451560974121094
52.0 48.30266571044922
13.0 43.493995666503906
57.0 49.706302642822266
35.0 48.02957534790039
39.0 45.620216369628906
31.0 52.15254592895508
50.0 47.17757034301758
47.0 51.412784576416016
63.0 56.37705993652344
43.0 58.335060119628906
60.0 48.47772216796875
21.0 48.41989517211914
61.0 49.07610321044922
26.0 43.73898696899414
65.0 48.891380310058594
49.0 48.67154312133789
62.0 52.76070785522461
1.0 48.429473876953125
44.0 47.750919342041016
68.0 49.397926330566406
71.0 50.43492889404297
65.0 52.11632537841797
43.0 57.20489501953125
74.0 54.9080810546875
70.0 47.57435989379883
43.0 54.314701080322266
73.0 49.06852340698242
76.0 47.371177673339844
58.0 50.41242980957031
49.0 47.00442886352539
48.0 57.4249267578125
31.0 48.23313522338867
65.0 49.15754699707031
0.0 55.48105239868164
45.0 54.83125305175781
69.0 52.11632537841797
78.0 48.89604187011719
48.0 48.22378158569336
81.0 50.930702209472656
43.0 52.097232818603516
63.0 47.17757034301758
27.0 49.016395568847656
35.0 43.5950813293457
59.0 52.3623161315918
58.0 50.45709228515625
60.0 45.13503646850586
53.0 48.8892936706543
57.0 47.17757034301758
50.0 47.745540618896484
54.0 47.9758415222168
1.0 45.365135192871094
63.0 47.745540618896484
35.0 39.87892150878906
60.0 50.019439697265625
48.0 48.097774505615234
65.0 47.74094009399414
23.0 54.25649642944336
52.0 49.440799713134766
61.0 51.79314041137695
14.0 48.525699615478516
55.0 53.27836990356445
58.0 48.22378158569336
26.0 48.45927047729492
12.0 46.92607498168945
15.0 52.44434356689453
66.0 45.091590881347656
55.0 43.90535354614258
60.0 46.888675689697266
47.0 47.80118942260742
0.0 45.13309860229492
20.0 48.69544982910156
23.0 49.511898040771484
20.0 48.9939079284668
59.0 52.17713165283203
47.0 47.745540618896484
38.0 61.37827682495117
45.0 51.3994026184082
50.0 52.21174621582031
53.0 48.30238342285156
48.0 56.05126953125
40.0 49.802040100097656
54.0 50.89829635620117
51.0 54.829063415527344
33.0 47.1523551940918
61.0 51.083309173583984
39.0 49.81489181518555
64.0 60.49903869628906
54.0 50.822566986083984
26.0 47.397254943847656
43.0 51.72747802734375
45.0 47.17757034301758
28.0 47.328922271728516
71.0 51.19488525390625
31.0 48.45927047729492
73.0 49.8256721496582
74.0 48.26841354370117
19.0 58.707908630371094
36.0 59.38550567626953
81.0 47.86690139770508
35.0 49.86064529418945
51.0 54.212120056152344
68.0 48.154640197753906
55.0 47.58347702026367
53.0 48.197940826416016
58.0 48.31312942504883
29.0 48.069461822509766
72.0 49.67930221557617
61.0 51.24413299560547
82.0 48.95673751831055
62.0 42.684391021728516
76.0 49.22286605834961
52.0 55.11892318725586
51.0 51.32562255859375
60.0 49.27918243408203
31.0 43.48203659057617
5.0 52.88005447387695
31.0 50.21595001220703
54.0 51.880859375
6.0 56.515140533447266
48.0 48.349117279052734
47.0 55.654693603515625
53.0 44.7959098815918
71.0 53.65865707397461
37.0 57.67339324951172
64.0 49.94809341430664
1.0 48.89899826049805
43.0 46.888675689697266
70.0 54.59333801269531
53.0 50.493438720703125
62.0 54.84421157836914
60.0 48.52333068847656
64.0 50.9239387512207
74.0 47.54811096191406
26.0 53.15992736816406
20.0 47.41093444824219
46.0 51.138999938964844
53.0 48.82709503173828
82.0 48.13268280029297
37.0 49.045692443847656
72.0 54.314353942871094
66.0 51.928340911865234
48.0 59.1356086730957
56.0 46.63421630859375
53.0 47.91038513183594
73.0 52.93882369995117
77.0 52.66519546508789
38.0 48.188411712646484
33.0 48.18678665161133
82.0 50.32074737548828
45.0 44.023468017578125
64.0 50.90035629272461
61.0 53.886959075927734
64.0 47.39529800415039
63.0 47.58294677734375
64.0 49.868385314941406
61.0 52.38323974609375
38.0 46.29424285888672
39.0 48.09182357788086
60.0 54.291866302490234
44.0 46.62850570678711
30.0 44.73296356201172
43.0 47.883941650390625
50.0 46.85329818725586
58.0 48.49028396606445
33.0 47.745540618896484
69.0 55.968387603759766
65.0 53.32570266723633
70.0 47.745540618896484
73.0 51.056705474853516
2.0 46.749637603759766
25.0 54.022640228271484
89.0 59.36859130859375
30.0 48.188411712646484
40.0 47.9758415222168
55.0 47.17757034301758
61.0 53.74708557128906
67.0 47.808876037597656
2.0 43.81760025024414
46.0 49.583274841308594
73.0 51.39772033691406
62.0 48.29388427734375
55.0 48.5266227722168
0.0 47.60980224609375
47.0 47.80118942260742
54.0 60.18730163574219
36.0 54.28590774536133
52.0 49.65955352783203
55.0 49.94326400756836
37.0 47.83681106567383
46.0 49.204811096191406
43.0 48.097774505615234
44.0 48.124664306640625
54.0 46.347530364990234
34.0 49.09077072143555
28.0 55.382041931152344
6.0 53.190677642822266
54.0 51.779903411865234
55.0 48.45927047729492
68.0 48.45433807373047
68.0 49.4885368347168
29.0 50.12443542480469
55.0 44.51493835449219
52.0 47.22711181640625
25.0 52.11632537841797
68.0 50.1416130065918
45.0 46.28912353515625
60.0 57.0994758605957
67.0 48.188411712646484
44.0 42.684391021728516
19.0 48.18680191040039
37.0 45.0128059387207
32.0 47.17757034301758
79.0 53.131404876708984
41.0 47.17757034301758
83.0 61.85338592529297
6.0 50.39996337890625
70.0 52.822845458984375
44.0 50.15147018432617
14.0 49.90525817871094
0.0 52.48574447631836
41.0 50.149208068847656
49.0 48.88346862792969
42.0 48.097774505615234
36.0 47.883705139160156
51.0 54.420955657958984
37.0 47.9147834777832
36.0 50.1618537902832
41.0 48.188411712646484
69.0 48.01348114013672
85.0 55.65742492675781
58.0 43.8085823059082
70.0 58.12607192993164
75.0 49.4007568359375
33.0 40.04060363769531
60.0 51.367794036865234
70.0 47.72945022583008
47.0 53.427406311035156
33.0 48.45927047729492
16.0 49.488563537597656
7.0 49.42811965942383
56.0 49.622459411621094
59.0 47.15611267089844
38.0 49.32038497924805
42.0 45.47434997558594
59.0 48.59946060180664
67.0 52.11632537841797
61.0 51.72896957397461
16.0 50.4576416015625
27.0 46.53190994262695
63.0 54.78512954711914
53.0 51.16212463378906
73.0 52.11440658569336
66.0 44.47761535644531
32.0 41.68474578857422
58.0 48.89604187011719
78.0 48.386566162109375
69.0 53.197105407714844
64.0 57.120609283447266
54.0 47.09813690185547
22.0 48.36915969848633
39.0 50.80415725708008
36.0 49.05997848510742
6.0 48.45927047729492
63.0 51.84360122680664
28.0 39.2966423034668
16.0 47.17757034301758
15.0 54.23307800292969
53.0 48.21174621582031
44.0 49.2687873840332
70.0 56.576759338378906
71.0 55.94587326049805
76.0 48.754756927490234
38.0 47.39362716674805
20.0 48.59048843383789
64.0 59.94602966308594
41.0 48.1631965637207
37.0 47.934879302978516
51.0 54.5577507019043
39.0 51.881004333496094
12.0 53.02565383911133
65.0 52.03055191040039
36.0 49.210201263427734
4.0 52.95917892456055
55.0 51.473453521728516
1.0 44.97090148925781
46.0 47.9632682800293
32.0 46.66771697998047
93.0 58.82761001586914
43.0 50.01179885864258
23.0 48.6131477355957
37.0 47.94752883911133
26.0 50.369136810302734
34.0 51.080745697021484
48.0 47.17757034301758
47.0 47.17757034301758
50.0 48.8006477355957
26.0 52.97157669067383
55.0 54.934181213378906
15.0 52.050743103027344
70.0 48.640525817871094
52.0 47.745540618896484
54.0 49.19331741333008
48.0 36.92778396606445
54.0 49.08431625366211
57.0 52.64014434814453
60.0 47.9758415222168
77.0 47.745540618896484
61.0 47.98086166381836
66.0 48.480167388916016
5.0 49.664085388183594
52.0 50.115074157714844
57.0 47.562076568603516
58.0 51.09772491455078
86.0 53.78620147705078
59.0 44.882083892822266
12.0 54.48753356933594
32.0 42.95320510864258
29.0 51.814430236816406
44.0 33.1994514465332
1.0 48.31767654418945
70.0 49.4678955078125
65.0 48.23313522338867
42.0 47.7307243347168
0.0 47.9758415222168
43.0 51.09138870239258
60.0 48.5618782043457
64.0 50.27979278564453
56.0 50.497779846191406
40.0 46.501548767089844
78.0 46.95439147949219
72.0 43.402584075927734
80.0 38.888084411621094
45.0 51.42975616455078
45.0 46.41225051879883
24.0 51.88032150268555
56.0 51.83074188232422
66.0 54.76573944091797
54.0 47.86152267456055
41.0 50.930702209472656
59.0 47.18415451049805
32.0 50.07203674316406
48.0 48.097774505615234
42.0 48.83565902709961
60.0 56.14682388305664
52.0 51.28877258300781
57.0 48.74553680419922
23.0 47.17757034301758
57.0 47.9758415222168
52.0 50.014556884765625
88.0 56.165771484375
60.0 48.72084045410156
0.0 54.02859878540039
36.0 49.76578903198242
46.0 51.4575080871582
49.0 48.1983642578125
65.0 48.78080368041992
8.0 52.86623764038086
61.0 55.818397521972656
42.0 49.67930221557617
29.0 55.1053581237793
61.0 48.96929931640625
49.0 47.745540618896484
54.0 47.745540618896484
41.0 48.217464447021484
21.0 49.44173049926758
53.0 46.95674514770508
35.0 50.095821380615234
52.0 47.57599639892578
60.0 47.50496292114258
63.0 44.89229965209961
51.0 48.91157531738281
65.0 47.08169174194336
68.0 60.799354553222656
56.0 48.097774505615234
50.0 48.40003204345703
66.0 51.22832107543945
27.0 48.250762939453125
66.0 48.53296661376953
78.0 49.28535079956055
66.0 41.816864013671875
62.0 50.368282318115234
60.0 47.9758415222168
72.0 48.26742935180664
51.0 45.678714752197266
73.0 52.79421615600586
77.0 47.38599395751953
15.0 51.7982177734375
64.0 47.745540618896484
49.0 48.91461944580078
50.0 50.33318328857422
66.0 52.097232818603516
53.0 44.24836349487305
57.0 48.15144729614258
46.0 47.745540618896484
55.0 52.24843978881836
4.0 49.36915588378906
43.0 46.08477020263672
34.0 42.95320510864258
62.0 49.8191032409668
76.0 48.37807846069336
61.0 46.84623336791992
72.0 50.158111572265625
50.0 48.27311325073242
41.0 53.37882614135742
0.0 42.684391021728516
47.0 52.32611846923828
55.0 57.063331604003906
46.0 47.196250915527344
84.0 53.31957244873047
25.0 48.59169387817383
65.0 50.715049743652344
33.0 48.21611785888672
56.0 53.131404876708984
73.0 55.169586181640625
58.0 59.964202880859375
49.0 49.12217712402344
64.0 50.56034469604492
68.0 46.44905090332031
33.0 50.821044921875
46.0 47.9758415222168
78.0 48.85466384887695
62.0 53.877811431884766
51.0 49.45316696166992
57.0 54.00406265258789
58.0 50.91769027709961
7.0 51.7650260925293
26.0 48.89604187011719
50.0 49.866973876953125
52.0 51.69679641723633
61.0 51.4575080871582
58.0 47.13493728637695
22.0 55.465206146240234
58.0 48.30266571044922
34.0 48.59946060180664
61.0 44.110633850097656
66.0 52.21321487426758
52.0 47.17757034301758
50.0 50.43085861206055
72.0 48.285614013671875
31.0 45.14256286621094
0.0 59.059505462646484
43.0 52.071044921875
46.0 46.13443374633789
77.0 47.59730529785156
36.0 48.77971267700195
58.0 48.45927047729492
71.0 50.05622863769531
51.0 47.745540618896484
47.0 48.20579528808594
60.0 50.60624313354492
61.0 48.12849807739258
61.0 48.397010803222656
42.0 48.911380767822266
58.0 46.74787521362305
72.0 49.91141891479492
51.0 47.75577163696289
25.0 47.291542053222656
3.0 48.24320602416992
51.0 47.45663833618164
36.0 59.12277603149414
66.0 50.58463668823242
62.0 37.75746536254883
71.0 49.08127212524414
56.0 47.17757034301758
37.0 52.08857727050781
42.0 47.46202087402344
84.0 56.93281173706055
58.0 47.17757034301758
75.0 44.04587173461914
63.0 49.12542724609375
22.0 46.219295501708984
55.0 47.17757034301758
46.0 46.17452621459961
43.0 47.82114028930664
59.0 50.7268180847168
69.0 48.89480972290039
10.0 50.1733512878418
24.0 45.490966796875
72.0 49.27156066894531
46.0 47.90026092529297
77.0 52.33443069458008
29.0 41.66970443725586
13.0 47.84424591064453
39.0 42.798583984375
51.0 49.060768127441406
56.0 50.306949615478516
60.0 51.22185516357422
32.0 45.07551956176758
54.0 48.33501052856445
67.0 52.634681701660156
21.0 47.309547424316406
66.0 47.40752410888672
60.0 45.11155700683594
86.0 50.207340240478516
68.0 48.96529006958008
67.0 49.12217712402344
41.0 45.31464385986328
57.0 53.06564712524414
48.0 51.64128875732422
66.0 55.35141372680664
51.0 48.188411712646484
69.0 48.52607345581055
34.0 47.754669189453125
76.0 49.30820083618164
68.0 56.08592224121094
54.0 49.58576583862305
71.0 48.30354690551758
1.0 56.809906005859375
12.0 56.748531341552734
58.0 48.575252532958984
60.0 52.30449676513672
55.0 48.785213470458984
44.0 46.27517318725586
61.0 48.62300109863281
72.0 49.46483612060547
45.0 49.795799255371094
69.0 48.56527328491211
53.0 59.54853057861328
9.0 51.63176727294922
63.0 50.77880096435547
32.0 50.44536209106445
73.0 52.589500427246094
64.0 58.865840911865234
66.0 46.2557487487793
77.0 50.851261138916016
64.0 53.47757339477539
62.0 47.58491134643555
54.0 49.53665542602539
62.0 50.50852584838867
18.0 47.9289665222168
69.0 55.00879669189453
59.0 56.70313262939453
74.0 49.516090393066406
71.0 36.59471893310547
41.0 50.08591079711914
51.0 59.395347595214844
27.0 54.69875717163086
35.0 51.68364334106445
72.0 51.08468246459961
25.0 51.489871978759766
2.0 51.32086944580078
40.0 48.74553680419922
36.0 48.188411712646484
58.0 47.24200439453125
48.0 33.7072868347168
51.0 47.49310302734375
50.0 57.41390609741211
75.0 47.902164459228516
60.0 48.6318244934082
59.0 47.17757034301758
